
   97.6971664      -1.57079399       4.92576277E-03   1.50638461       35.7456245      -3.08083248       1.81721170E-02  -1.63663542       492.722992      -1.57078803       1.64144754E-03  -1.56907666    
   31188.5254       3.25917354E-05  -1.56918526      -1.96531791E-09  -2.55856466      -9.34418276E-05   5.78875637       4.41973214E-08   157296.438       1.52244393E-04  0.524041653       6.12067064E-09
  -1.26964092      -3.51409824E-07   31679.6270       3.33542739E-05  -26.6568394      -1.73655432E-02  -159318.500      -1.56708949E-04  -5.02063227       2.43247484E-07  -9.35974121E-02   8.11294765E-09
  -2.25757599       8.82148743E-06  -3.07092667      -1.31714341E-05   358272.250       218.249924       11.6411972       6.39081009E-06  -41.2959137      -1.71010196E-02  -3.66287231E-02   4.67032169E-06
   2.48066711       1.04842820E-06  -156702.344      -1.51142594E-04   73.5672531       4.38144542E-02   843210.438       7.04029459E-04   9.62328911       3.54548683E-06  -4.43663120      -2.86027344E-08
   154761.328       1.50407257E-04  -2.99752712      -2.53477623E-07  -50.9563637      -2.40824390E-02   10.1507015       9.23927416E-07   836391.188       6.98543910E-04   4.78581524       8.95772256E-09
  0.253582478       1.10104157E-08 -0.392268121       7.71259394E-08  -2.52582431      -1.99180911E-03  -2.49843025      -2.39900459E-07   3.75531507       6.65494753E-08   35.5942726      -1.57338942E-09
   17540.2051      -1.55334747       1.24026263       1.77935719       130935.406      -2.79283190       5.49074554      -1.09863758       81671.8281      -1.55289495      0.113589846       1.40880263    
   46796.1992       567.357483      -2.47279453      -4.06976007E-02  -1.73427224      0.215574831       9.89069366      0.186527416       223617.812       2689.34912      -5.03203869E-02  -1.89204619E-03
  -1.97811794      -3.32082398E-02   47380.7031       574.050476      -18.2406559      -5.64142370      -226294.453      -2722.36353      -8.13108540     -0.151338562      -2.57450819      -3.57486308E-02
  -2.57735062       9.13179070E-02   1.06318569       4.91098985E-02   257027.234       64028.0703      -8.16825962     -0.181105241      -34.9562683      -4.58885288      -5.93962669E-02   3.36374878E-03
   3.02258301       7.95867592E-02  -225490.203      -2709.37891       39.4333420       11.1843367       1136559.12       12848.8691       12.3827057      0.358370125       6.56561565      0.168143630    
   223111.594       2680.70215      -4.08344650      -9.92266908E-02  -36.6421547      -5.99554396       15.6927147      0.440006435       1126752.75       12706.8945       2.21895313      -8.95980559E-03
 -0.207908556      -3.02249659E-03  -2.56126714      -3.83087471E-02  -2.16349030     -0.777267814       6.76148748      0.181634158       1.81210005      -1.43531477E-02   36.2247543       1.91340412E-04
   11995.2129      -1.11308241       7.34735250       2.92206097       307862.812      -2.49603510       34.0097656      -8.81269649E-02   37922.0547     -0.881157100       1.28209496       1.61753452    
   53145.4883       29795.6328      -2.76363945      -2.48404312      -2.27538681      0.387031555       11.0022449       10.9936428       248502.062       135455.500     -0.412036419     -0.421897531    
  -2.14033699      -1.97974873       53701.4453       30055.9492      -7.14877033      -15.8210087      -251204.875      -136869.250      -8.69638443      -8.76633739      -3.97691202      -2.83986425    
  -3.09885216     -0.159142792       5.44068050       4.95969868       157348.969       139487.828      -28.1730728      -23.5956020      -29.8276405      -12.2726250      -8.55832100E-02   8.08049738E-03
   2.16725159       4.43050194      -250188.562      -136148.859       9.23820782       28.0175915       1232308.75       619998.000       8.51572418       19.0943336       12.3237133       12.8611164    
   247864.516       134981.328      -3.51323509      -5.90214205      -28.3581848      -16.1336555       13.0812416       25.4460869       1222135.12       613645.438      0.681777000      -1.91995096    
 -0.598738074     -0.498132735      -4.07255602      -3.03810120      -1.04456139      -2.35220981       13.0545197       13.8432121      0.172038287      -2.26443553       36.6947708      0.219844148    
   118414.305       2.36603761       29.0950127      -2.11552262       252928.516      -2.48524547       128.948837       1.15722907       558213.812       2.27687097       3.94645357      0.908637941    
   28251.2461       64874.5742      -1.20154095      -5.50404787      -2.60498047     -0.753821194       3.82905769       23.3375168       134726.141       277969.469     -0.159007549      -2.04191279    
 -0.787329674      -3.53937483       28637.2539       64995.0234      -1.08463812      -13.6288919      -136528.656      -279569.906      -2.69423962      -15.0119677      -1.97113621      -9.43402767    
  0.204551220      0.488735199       12.2575846       60.4076118       120240.617       113203.594      -46.2254295      -262.927795      -14.5478554      -10.7296314     -0.261289775     -0.237714142    
  -3.86933041      -7.86131477      -136032.797      -277725.438      -7.68045902      -44.5137787       712198.812       1194615.50      -14.5639668      -34.5429573       2.34472752       40.6377678    
   134446.453       276779.562       3.63837147       3.04642463      -22.6612835      -27.8682556      -14.6613579      -14.5013504       706128.062       1185928.12       1.80876446      -9.03255081    
 -0.482643813      -2.87237191      -1.84636307      -9.87253761     -0.495682895      -5.58765173       2.41021800       42.6528015       1.03416479      -12.3521996       36.4137535       3.38402939    
   116885.586       2.49419498       20.4769192      -2.66888928       45714.0586       2.79407549       91.6658707      0.824925542       523728.750       2.35808015       7.56663513      0.175238475    
   16134.7178       57237.3203      -3.30449486       11.2542830       3.91257405       8.11558342       14.8709564      -38.0772095       84861.0156       227576.188      0.278176427      -3.68032908    
  -3.00790644       12.9024048       16631.2148       56337.6250      -13.8166847       42.9156380      -86797.5703      -225586.375      -13.7616701       46.4303093      0.218619943      -11.7734480    
  -6.18707132      -18.4263535      -1.50951231      -2.44633126       124032.039       80558.4922       1.06969357      -16.6261768      -43.8915329      -93.0447464      -3.98842096E-02   5.12859188E-02
   7.34036207      -93.2105255      -86276.4844      -221371.047       55.9615097      -338.553955       507098.844       886425.312       43.1085243      -352.951630      -7.67455530       46.9972649    
   84631.2812       225180.500      -7.56762695       91.2876282       16.8316212       2.78887749       45.9715729      -337.535797       502273.812       895320.312       3.73683548      -15.1945868    
  0.193607196      -4.36569786      0.149620309      -13.3785915      0.241545931      -5.76532841      -6.40747452       54.2224388       4.02211523      -17.5523319       35.1128540       3.38690042    
   53762.9492     -0.340323836       71.2811203      -1.09265995       51329.4102      0.812366128       279.164215       2.10475063       198789.922     -0.320658714       4.33913612     -0.138384983    
   13159.3643       47608.6992      -1.87798417      0.719535291      -3.63057494      -17.5034771       6.93267822       1.02996778       77221.6094       178871.906      0.831405342      -4.16081190    
  -1.85762024       2.54579234       13523.9346       48089.3164      -8.72522259       27.5615597      -78427.8281      -182762.812      -7.32692003       6.42796516       1.51631320      -14.2704773    
  -9.55885220      -43.5286064       12.8069897      -138.941086       130473.000       54330.4883      -52.3260002       467.311676      -31.7708073      -128.759842      0.178395092       1.15636504    
   6.54767895      -24.9284611      -78579.8984      -182445.609       42.3340988      -184.346466       496113.031       693425.750       27.6765099      -82.5644989      -12.2232294       54.9338150    
   77328.8281       178572.297      -6.41558266       21.7923527      -29.4324112      -85.0127182       25.9019432      -68.0667877       493577.375       670953.312       6.21582031      -16.0385590    
  0.740943193      -4.67922115       1.80490911      -14.8296080      0.517264009      -5.39840078      -13.0798683       57.0596237       6.20264578      -17.8950539       35.0484886       2.75254107    
   13279.4707      -2.99631929       468.310669     -0.682359815       19233.6367      -2.43767500       1658.10181       2.57195234       50804.4727      -2.65583205       5.91619110      -3.13035750    
   13215.3672       36344.4180     -0.680324852      -4.07874680      -1.96589077      -4.48444366       1.71065664       16.5980568       80447.5391       128559.859       1.17134261      -4.05189466    
 -0.779738307      -2.32124591       13470.0811       37371.8125      -10.6137400       18.6529293      -81132.6719      -134652.812      -2.63302040      -10.2326469       2.33356357      -15.1914864    
   19.0121193       63.5474129      -48.2642822       413.044281       134822.594       11462.9072       214.753845      -1428.71741       24.5576096       154.280640     -0.701098382      -2.54329300    
   2.87668943       3.44284868      -81298.0156      -134525.922       46.7621841      -101.943672       518627.188       484761.375       9.99566650       19.4082203      -14.8459997       55.5973282    
   80548.5469       128360.938      -2.22773242      -6.77024269      -21.6014385      -22.8370152       5.66081858       31.4049511       518229.469       454096.500       7.47146797      -14.6639843    
  0.980315804      -3.75218225       2.86035872      -15.1055775      0.118377872      -2.76336288      -16.6956024       55.4940071       6.99415684      -13.6941557       35.1818581       2.39686084    
   8071.87939      0.289150804       1185.27271       2.59125710       9574.47656      -1.89101887       4105.45801     -0.405758291       30810.6992      0.630393147       4.79125452      -1.96855938    
   14190.3535       27008.2383     -0.436749458      -4.84052944      -3.05514526       3.42057705      0.790255070       18.3421745       86192.2812       90210.0156       1.34900117      -3.61891317    
 -0.646334589      -3.15617013       14382.3887       28156.4141      -15.4400635       7.06439400      -86581.2812      -96551.4688      -2.04699993      -13.0116787       2.81898117      -14.9533615    
   59.8308640       254.923676      -142.705444       1193.31104       135924.562      -5904.99316       619.438293      -3823.22168       116.028450       706.663940      -2.36910582      -7.05042839    
   2.26267052       8.29369068      -86760.6953      -96257.8359       64.2495728       9.59798717       546976.312       330172.969       7.06114578       36.9910126      -16.1757565       52.0601158    
   86292.0000       89960.6953      -1.18445396      -12.2216845      -26.9338322       20.8266487       1.32880116       47.6744690       547708.625       300572.375       7.98083305      -12.3236332    
   1.21413064      -3.30485058       3.55206203      -14.8602457      0.288574219       2.42437911      -18.7961426       51.8520164       7.66960382      -11.2360334       35.3134384       2.03494930    
   14233.4971       3.03123236       67.1386337      -2.16796470       8370.95996      -2.20893931       211.053650       1.11076999       44309.0859       3.12097573       6.37893343      -2.64708328    
   15258.5820       19896.9199      -1.66249037      -4.61845875      -1.07376385      -5.45711374       4.83933210       19.9231224       91472.4922       62801.0078       1.40885508      -3.13940740    
  -1.75108838      -2.83018208       15365.5879       20801.1465      -22.3603573       11.0267563      -91519.0625      -67693.3281      -5.60724974      -13.5138388       3.15956402      -13.9368801    
  -1.68450451      -29.6024952      -2.07613921       3.73045373       143816.922       8340.37695       19.2742386      -72.6254578      -18.5528221      -85.9919891       7.44400024E-02  0.428453743    
   5.70040464       8.12560368      -91744.3359      -68025.0078       88.4318085      -84.7939377       570200.625       221470.641       18.0730133       40.6184425      -16.9905472       46.6911736    
   91587.3281       62874.9570      -5.31149387      -11.4151802      -18.6510334      -22.8487530       14.9087486       53.2962952       572063.250       198546.391       8.04627228      -10.0078249    
   1.36117017      -3.18406534       3.69947672      -14.2407312      0.370550901      -3.73938775      -18.9675140       47.6945534       8.08236694      -10.0206947       35.3336258       2.17078543    
   1519.02576     -0.259503484       78.3703156     -0.388764739       3618.25049     -0.101135202       741.335022       2.31509829       18919.9141      -2.77894115       3.24623394       2.12671906E-02
   15402.7939       1428.11145       9.12068462       12.4808664      -7.02560854       168.744217      -98.5442047      -190.864655       93431.1875      -17832.0098       1.38867319      -8.30101585    
  -1.05136347      -32.4550552       15611.4258      -2186.04932      -71.7568054      -688.613403      -94396.5625       28055.1914       29.1567707       5.65967369       2.82609272      0.668922126    
  -2.14248323     -0.192290664      -13.2878466      -16.4468136       145751.078       4340.17432       55.9921913       56.3578453      -24.5345268       9.92823124      -2.39732862E-03  -9.37803313E-02
   4.47053814       105.285072      -93326.4062       7110.76855       263.707306       2119.64551       582316.938      -90994.6641      -93.2471085       17.9087811      -15.9466171      -4.09093952    
   92932.4453       4472.03125       28.6241322       24.3099747      -30.8446617       525.717407      -311.286835      -444.082550       581213.188      -55023.0312       7.68554878      -25.7449055    
   1.42909670     -0.226704106       3.82507014      0.589779615      0.334625304      -2.81824756      -17.9099274      -15.5780134       8.03740883       3.10465193       35.3448219       2.57579970    
   2282.55054       2.02522063       279.863342       1.74116313       4172.31348       2.06264138       1022.81366      -1.34696913       9313.42285       1.93544531       12.2540970      -1.51174879    
   17044.1309       11565.5977      0.292218029      -7.23678446      -2.81221604      -1.36817706      -1.49967229       22.0679874       99371.7969       33990.3672       1.40588331      -1.57295740    
  0.101019502      -4.52739763       17183.5625       12560.3770      -19.9418373      -7.03524542      -99559.8906      -39136.7734      0.222331405      -14.0484991       3.34234047      -13.0690813    
   1.44685221       34.1672478      -32.3596382      -124.092873       147190.375      -618.118774       115.643105       473.398132      -12.5873184       71.2509995     -0.313112974      -4.00945759    
 -0.593888998       18.3108864      -99763.2266      -38314.8242       72.9849548       39.4290657       604502.750       119428.328      -2.06064796       56.4248848      -16.9819469       40.7246056    
   99468.1406       33534.2656       1.20463681      -24.1893978      -24.7221336      -11.0381222      -6.55511999       74.2477188       605580.938       98609.5703       7.78802347      -4.16924810    
   1.32052255      -6.29799843       3.96495295      -15.9040833     -0.221493393      0.972947955      -19.4882278       52.1374550       7.97378826      -19.9304276       35.1380920       3.63784838    
   9441.40332       2.88502884       54.7794991       3.08764863       1163.72290       2.36175799       179.879272       6.61770850E-02   27883.8301       2.85065246       5.54096079       2.77748919    
   18085.2168       10345.7969       8.28849697      -88.9146805     -0.501420736      -25.1554146      -30.4873123       303.194855       103407.102       32423.4414       1.60071659     -0.673511803    
   8.85597706      -79.5720444       19093.1230       11796.7803       22.9296989       124.375000      -106878.461      -41573.5469       31.1583443      -268.915863       2.13016391      -15.0860529    
  -1.47884798      -17.7923412      -11.7020054       5.01816845       148378.531       1540.28711       52.0238419      -40.9840202      -20.2257977      -62.5346565       7.95957446E-03 -0.362563640    
  -25.7946873       253.689224      -106251.586      -34524.6094      -53.7345734      -371.398346       629450.500       121764.281      -91.4192734       858.862549      -13.0270586       43.8399658    
   103280.719       28770.1348       23.6154823      -272.332764      -18.8301678      -75.9987106      -88.0951462       930.392273       620354.000       90266.3438       8.34401226      -1.98709333    
   1.04182100      -1.61856890       2.58890176      -17.4323578      0.252825141      -2.77072001      -14.1065512       64.5912704       6.65462589      -4.89813375       35.3122139       4.25287342    
   6563.08447       3.04479980       20.6169224      -2.05235362       1045.22180      -2.72774315       62.1702003      0.868131280       17625.1367       3.05708265       5.71196651      -1.33714831    
   18085.0078       5183.32666     -0.493141532      -17.1675816      -1.94318128      -14.7637253       2.42896080E-02   41.5127144       103755.445       12344.9600       1.19610643      -3.15813851    
 -0.765051365      -19.5430908       18161.5215       2624.31396      -20.2324638      -181.910980      -103853.875      -3868.97876      -1.14411521      -45.9654770       3.76861787      -3.88489199    
  -1.15810180      -7.81087685      -10.9759655       3.71438169       149202.922       1455.17163       49.8323441      -30.8949413      -20.1031113      -18.5402451       6.10345006E-02  -2.57623885E-02
   1.92977500       55.8545952      -103939.031      -7564.96094       77.3847046       503.638977       622203.688       10895.2461       2.31556368       129.300385      -17.9583492       13.9222403    
   103827.742       13992.6006      -1.00077200      -49.5596046      -22.9409332      -42.8629112      -2.17726994       118.916916       623414.625       33150.2969       7.07475424      -8.16206646    
   1.20311975     -0.603936911       4.30425215     -0.494743615      0.422108382      -4.03908730      -19.6731739      -4.13200712       7.17374706     -0.678438962       35.3360023       4.39940214    
   4238.78369       3.03230381       29.2761078       2.90804124       902.573547      -1.96459758       86.1561050     -0.161077738       10897.0762       3.04183912       3.64932036      -2.66651940    
   18541.1133       4221.66406      0.135087520      -19.5372028      -1.11160064      -27.6593704      -1.40335631       50.8033180       105493.789       10088.3184       1.25096083      -3.06803823    
   6.64203763E-02  -21.4370422       18673.5449       2353.56494      -17.3000851      -139.377945      -105760.086      -4257.89795      0.696225882      -55.3580551       3.42885971      -5.06289482    
 -0.822623968      -6.13134670      -8.69486237       16.2660408       149807.312       1322.68628       42.0926666      -79.5909805      -19.1090431      -11.5819445      0.107143447      0.130464196    
 -0.785905838       62.0194778      -105869.734      -6700.80762       67.4988098       366.308136       629453.625       11992.0244      -4.01282310       158.993668      -16.7793980       16.5028229    
   105568.633       11137.3955       1.00996161      -56.1260490      -20.7704868      -78.1608047      -6.86493731       144.989853       630052.125       26524.2559       7.20018148      -7.82179737    
   1.15461516      0.121215425       4.20957279      -1.99176371      0.530090630      -6.08913326      -19.3651104       2.65954638       6.96118546       1.56584358       35.4281731       4.77755594    
   4404.38721      -3.06400847       36.6926384      -2.54789710       456.568085      -2.44851017       112.897125      0.702457130       11286.6553      -3.02374983       5.83837080      -1.67765737    
   18901.4277       2032.58606       1.19855940      -10.1502886     -0.185653627      -35.2894173      -3.64398289       2.08607244       106916.258       3202.29028       1.36571836      -6.80759716    
   1.61151302      -18.7908688       19185.3809      -982.880554      -10.1025333      -198.505859      -107745.508       6490.73193       4.39571095      -21.3198757       3.20064569       4.85131454    
  -1.37005234      -3.23443007      -9.85721588      0.543340385       150240.641       905.785278       45.6449738      -16.2057495      -21.1335468      -4.39753199      0.131045982       2.16820166E-02
  -4.90823126       49.4242516      -107677.602       2955.84985       46.5467224       540.331970       636462.688      -19028.7402      -13.4624252       47.9364433      -16.1651859      -10.1683693    
   106922.523       5054.25684       3.94198608      -26.7180595      -18.3290405      -99.0059586      -12.7694302      -1.52653241       635343.312       7516.58252       7.46018648      -17.6758556    
   1.09583402       2.16224212E-02   3.68412042       5.28332567      0.609991908      -5.36366701      -17.2356434      -20.2790184       6.73368883       1.15331292       35.5270996       5.36494923    
   3319.47290       2.83792472       44.6726875      0.428124160       88.1767273       1.87477708       156.283325      -2.69156575       9042.86426       2.80266023       11.0279894       2.91855216    
   19527.9238       4190.57910       2.14137793      -111.487808       4.35234118       48.8023262      -5.07378531       400.657532       109045.219       12929.5684       2.52564311       8.01161289    
   5.01812363      -71.7334747       20154.7246       3450.22607       8.58173847       43.9547844      -111104.938      -12038.5020       11.4828005      -289.854034      0.570263267      -27.2992821    
  -2.20400906      -33.4212036      -8.88620758      -35.5719452       150568.922       192.347168       41.8968735       110.213318      -22.4218903      -107.632271      0.230816886     -0.974829853    
  -13.6938810       218.764725      -110700.375      -9712.68555      -6.39462471      -125.768669       647046.875       33959.4258      -31.1379547       869.644470      -8.66577625       73.0275955    
   108892.633       10738.0908       6.07002401      -316.036163      -6.21425867       126.952744      -15.2335482       1136.03784       642170.125       33265.9062       10.5820303       20.5544815    
   1.01707649     -0.639267981       3.04217672      -7.54781008      0.617472708      -1.36336291      -14.7524805       29.5575752       6.33336353      -1.76243734       35.9253120       6.57043695    
   2709.39453       2.97945452       247.408356     -0.214994594       3735.42114      0.113139853       752.935425       2.94819283       7832.95703       2.88796544       86.2062912      0.566204309    
   19434.7754       2256.72803       7.15227699       3.78507710      -8.25942135      -93.6438522      -21.5599976      -11.7200642       108830.336       6084.81543       2.04881644       17.8664875    
  0.444478989       43.2626114       19742.0254       2443.58057      -21.6533699      -17.5929356      -109668.000      -7648.91992       6.79979610       111.667931       5.66905069      -11.4263840    
  -5.75457668       60.8166771       1.81531203      -21.5517311       150994.188      -498.371704       6.61243868       95.2366333      -47.6364632       182.550049       1.31553721       13.9490070    
  -2.89465404      -123.457451      -109716.773      -7096.25244       74.0389328       64.8004150       643708.438       22130.3945      -23.2503281      -314.546600      -23.1100578       30.0133018    
   108876.461       5808.82227       19.5842094       16.0998135      -39.9514008      -237.592072      -60.3941116      -40.7049065       642480.500       15702.7559       9.11026001       47.2782860    
   1.39453638      0.794986725       3.47389460       15.8721409      -1.29632866     -0.539656699      -16.6139851      -34.5877914       8.20867062     -0.277844489       35.8471680       28.6616688    
   4899.17236     -0.881618559       34.7986412       1.11957264       1861.92139      -2.61605716       108.923668      -1.68023944       15655.4531     -0.846299529       17.3448429      0.805018604    
   20055.6875       973.327026      -8.12643242       13.2965527     -0.193013117      -222.552155       27.9282551       5.35221815       110885.797       3669.42017      0.932040811       5.84093046    
  -4.36000013      -13.2817240       20420.2422      -241.990601       4.29540491      -52.4434471      -112086.031       583.305786      -13.3098717      -136.711166       7.70915365       14.7060261    
  -4.75815725       66.9372787      -10.5249710      -22.2475243       151092.266       211.048538       45.2890968       87.3218079      -36.2566910       211.693436      -9.94292051E-02  0.576846778    
   12.2676296       29.5401821      -111782.617       680.121521       5.69860363       148.947144       651147.812      -1725.77612       38.2204666       356.345520      -27.6023426      -36.4045601    
   110666.164       2242.91284      -23.9593372       11.7912140      -15.7126265      -518.028442       80.8967285       109.832420       648535.438       8526.90430       6.31337976       14.0133543    
  0.961619854      -1.91995347       2.14623642      -23.8678131      0.831634462      -3.34369588      -14.0128317       80.5193787       6.42412901      -8.96458721       34.1556854       16.0664978    
   1159.82239      -2.10215712       89.6786728      0.711993814       676.819946       1.42985940       316.499756      -2.31586003       3296.55200      -1.76070952       2.67004251      -1.05829525    
   19826.3301       587.919434       3.75728559       38.4729271      -14.9427261      -60.3450699      -11.5491838      -141.528595       110228.133       696.030823      0.818880618       6.10489464    
  -2.45013046      -27.6642284       20187.8203      -533.835022      -10.2511292      -119.261971      -111300.719       2519.48462      -6.89997530      -97.3232040       2.65704250      -26.6858120    
   2.54170513       50.7943497      -6.50918055       28.4690628       151317.516       532.854248       31.8146553      -98.9019470      -5.85165119       183.598755     -0.318265796       1.96853971    
   5.80029535       66.5916672      -111273.219       1462.18188       43.5249214       314.544220       649502.375      -6959.26953       15.3347378       234.443741      -14.0279303       69.4802933    
   110248.656       1361.14465       10.7544432       98.9521637      -56.9648399      -152.246155      -34.4302139      -365.145233       647497.250       1403.52307       5.94633675       16.1833172    
  0.646574140      -3.44624925       1.89186764       25.0786533      0.139268711      -8.49768639      -11.9706001      -74.2502060       5.37885904      -10.6028004       34.0015984       13.4666662    
   1466.63672     -0.900800347       88.3547058      0.770976365       2167.89990      0.778360724       296.025299      -2.33239436       4672.29834     -0.861708760       18.7133160       2.77508354    
   19976.2891       1062.12061       3.20943117       8.05845261      -22.4262543       152.449570      -10.7645626      -37.5926170       110746.250       2523.56152      0.722120404       2.65490770    
 -0.237758458      -39.1842995       20331.2246       796.701904      -13.7114553      -52.2408524      -111801.227      -2223.76294       3.68768573E-02  -138.228043       2.04079580      -14.7717247    
  0.898176253       21.2447510      -4.64201593      -6.21197319       151480.891       114.972389       24.8723125       19.1703472      -8.82103920       99.2280045     -0.208348602       2.51694655    
 -0.401007593       102.903748      -111792.672      -2264.45581       51.8731613       148.519211       651374.688       6362.54150      -4.25217915       364.027405      -12.2301741       37.6530342    
   110772.141       2587.62891       9.36576557       16.2508183      -75.0253754       386.085144      -32.4726601      -81.4822540       649370.938       6147.61621       5.72250414       6.71509981    
  0.891706228      -2.83580518       1.89659286       12.4127951     -0.379562497      -4.12236500      -12.2184858      -35.9392052       6.16609573      -9.84086704       34.1810493       8.30406094    
   1192.15991      -1.02496684       78.1048279     -0.549611747       1081.65356      -2.48393583       254.646255       2.65363097       3985.14404      -1.04540610       5.84063721      0.589491725    
   20097.8496       827.793396       1.83017969      -16.1720238      -13.9948997      -200.010681      -5.80087566       53.9369621       111188.609       1875.95984      0.863199949      0.836351871    
   3.83011580      -25.7956486       20470.3691       607.338013      -13.7262506      -62.6864433      -112311.734      -1739.94385       13.1111431      -78.8726044       2.85088229      -4.15335131    
  -4.15925980       16.5592403      -5.40436983      -12.2912979       151577.234       166.049362       27.4760933       42.5393562      -27.3491592       87.9527893     -0.205252171      0.187555090    
  -10.7841949       72.4991226      -112278.852      -1719.06567       52.3289108       164.049011       653195.938       4948.41797      -37.4001579       218.925827      -14.2881308       11.1994009    
   111203.609       2000.90967       5.92898607      -47.5904236      -53.3462753      -511.238708      -20.1053391       158.296921       650977.562       4539.79199       6.06309652       1.98573220    
   1.40336442      -3.53656936       2.34519839      -12.0342598     -0.528277338      -7.54148245      -14.4477043       44.7802849       7.83138943      -11.4837027       34.1567574       4.33901262    
   1013.26788       1.55370104       17.7092133      -1.64586258       793.629028      -2.10163331       53.0030556       1.65325856       2593.38599       1.64176702      0.861171007       2.01212335    
   20211.2637      -69.6797791       3.58729124       1.88633013       3.41387677       29.5981426      -11.2651577      -14.0292807       111610.836      -861.978943       1.02232826       1.96842504    
   1.51210439      -2.55348277       20604.5801      -346.525055      -9.67504787      -101.350380      -112805.992       1438.63904       3.49693418       3.26252413       1.59589040       2.35685420    
  -2.68026090       19.3487625      -6.25777245       8.43292809       151634.719       235.577011       30.5631962      -33.3480148      -22.1658020       64.3619766       3.08763236E-04 -0.422467470    
  -4.82686281      -1.05133867      -112736.914       974.981262       42.1441727       276.404358       654906.938      -4028.74072      -12.0558414      -33.6566963      -11.1627636      -5.85336494    
   111588.117      -261.917480       10.4581909       9.68617725      -10.5360804       86.3696671      -34.0507889      -55.2838707       652429.062      -2370.62207       6.48440027       4.50848293    
  0.983321965      0.675688386       2.79093170       13.4174299      0.221903622      -8.72829914      -15.6076784      -48.6588860       6.32627439       2.47360182       34.2773132       4.71284151    
   1264.90247       2.16805506       123.435951     -0.807175875       627.011108      0.992928088       440.327972       2.31073236       4689.73926       2.28972054       6.30015755      0.458164603    
   20426.6758       427.189728     -0.745721817      -53.9085083       3.32567549       18.8056889       5.87546110       212.373245       112317.148       1500.01611       1.46470213       2.77980804    
  0.979013562       43.8508949       20792.0039      -32.7317848      -2.57925582      -27.2688446      -113467.844       80.3958359      0.346768022       112.945869     -0.723651767      -16.2258606    
  -6.12945557      -19.1021137      -7.71057415      -13.6963825       151685.641       70.3757782       35.9238396       49.9579811      -33.9631577      -69.5242538       9.84897465E-02 -0.221406028    
  -2.73240995      -121.359810      -113322.414       103.564690       22.9824696       78.1836166       657007.125      -280.066101      -1.23690271      -312.505646      -4.81908703       42.0499916    
   112204.062       1026.83264      -1.01664174      -135.689423      -8.72159195       31.1078396       11.1786757       535.861633       654508.375       3575.44653       7.61742067       6.88570690    
   1.13675427       1.06253803       1.19552875      -10.5845613      0.639163375      -1.47353339      -11.2734423       28.9467831       6.80890226       3.02567530       34.0593033       3.47114158    
   710.696472      0.896020830       70.5254593       1.16329980       810.728149      -2.04390597       156.069946      -2.15242028       2108.79077      0.817156136       30.5255108      0.903520525    
   20366.1973       823.304077     -0.612296224      -54.7750587      -6.28170729       193.214691      -2.88903713       213.506241       112147.477       1869.41760      -4.46334779E-02  -1.51731193    
  -3.15363359      -20.7150345       20783.1953       575.120544      -10.0305834      -72.1770401      -113435.070      -1927.49170      -4.28411436      -61.1625328       6.21861458      -5.20090151    
   6.07730293      -66.3186569      -7.79714537      -40.8670998       151746.719       29.1306305       33.4029541       144.404556      -8.58263111      -57.3169250     -0.415453076      -2.23515511    
   7.94777393       64.0369797      -113361.008      -1608.87720       42.7647171       207.056656       657156.500       5448.63477       9.31727219       186.168991      -23.6745949       9.04814053    
   112131.031       1928.43762     -0.445404112      -154.972244      -34.9793739       504.103027      -12.1604128       593.636414       654376.625       4421.64307       3.76763654      -6.56482029    
  0.597926140       7.43884039       6.12485123      -11.8964005      -3.44747789E-02  -8.50630093      -23.2244816      -34.0871658       5.99821568       18.4795380       35.0558472      -17.2731228    
   2116.87622     -0.719966948       13.5156918      0.173408270       639.801270     -0.391829163       47.9629555       3.07798076       6026.31104     -0.785359383       1.99238765       2.36624527    
   20522.3418       647.922974       3.31179523      -29.2749710      -7.85889387       70.7111664      -13.1510105       102.345726       112683.070       2033.01123      0.907131910      0.715322912    
  -1.70690894      -2.52024579       20882.6855       277.044525      -1.31825852       17.0758514      -113808.148      -864.895447      -7.12816620      -33.9812088       2.84068370      -24.7840405    
  -4.39416838      -116.270500      -6.75847197      -16.2949276       151774.359      -67.4080200       31.8226223       58.2117462      -27.9108162      -325.264069       8.18058625E-02  0.203123316    
   4.04492569       10.5308304      -113678.188      -720.771790       18.9591312      -43.2479019       658350.000       2256.04956       17.5584526       102.237625      -14.0860119       68.2409821    
   112575.469       1492.83862       9.14854813      -82.3402557      -39.1106339       195.450012      -36.8001823       288.170593       655917.625       4763.37744       6.25143671       1.87913227    
  0.879812539       1.10153913       1.62575173       5.68240929      0.707619786       1.51004088      -9.88621807      -28.5774021       5.89789724       1.76861763       34.6097641       1.99569130    
   1545.06470       2.01801276       35.4277458      -2.13836193       321.507751      -1.57854414       113.059677      0.921198726       5086.98828       2.17337346       3.78322053      -1.46140313    
   20539.6523      -526.053345       4.75850010       30.4244156      -10.9522400      -108.726784      -17.1896648      -96.0812836       112775.688      -1779.47620      0.948700964       1.20442212    
  -2.45033741      -43.4503250       20908.6387      -273.511017      -5.97067785      -45.1262741      -113912.078       1007.62311      -6.92015266      -164.795441       2.87884951      -16.4692421    
 -0.487186551      -58.3167458      -6.02089739       4.04611349       151816.469       45.4962730       29.1804085      -15.0559092      -19.2846355      -168.350937       5.97924590E-02 -0.240061611    
   5.13347626       132.875793      -113790.578       728.171814       31.6247787       120.678101       658788.562      -2684.11108       14.1418591       484.557159      -14.1253233       39.6826782    
   112673.812      -1226.83716       12.5195456       72.7808609      -46.3756828      -232.308609      -46.0695114      -231.490906       656343.938      -4107.42334       6.33199883       2.44908571    
  0.647777259      -5.12284040       1.68109715       8.81266689      0.368690819      -4.66387653      -10.1694202      -34.4915733       5.50908184      -18.5056362       34.6219597       2.01753449    
   1374.45374       2.10242128       19.4392223      -1.40216327       209.324448      -2.19883394       64.8296967       1.67729878       4291.62354       2.19690967       5.35358524      0.549985766    
   20544.4941      -258.176178      -3.12928152       6.82042408       3.18807960      -15.2945023       9.10118198       6.52357578       112797.086      -1078.96606      0.731698990       4.11253977    
   4.52911997       41.7955742       20964.6680      -30.5227985      -6.80271626      -29.8612881      -114109.867       82.9188080       13.9581394       147.910538       3.19985962      -8.42646122    
  -3.42167497       13.0256310      -8.02350044      -2.92392015       151837.188       84.0715179       35.6454926       14.7183161      -28.7883873       55.9187698      -7.14786649E-02   1.72654474    
  -12.5940647      -110.226585      -113978.344       53.1880226       34.0739326       79.6928024       659451.688      -126.309166      -38.9249802      -396.754852      -15.2668085       20.1003170    
   112725.422      -655.134094      -7.20280647       23.2180691      -10.5426941      -55.6835098       19.7548504      -3.74338603       656540.750      -2690.47681       5.74284649       10.3966169    
   1.36978102       3.69340944       3.62261653      -13.5776062      0.252270371      -1.63813877      -17.0684986       36.6781158       7.64598608       12.9932518       34.7308197      -2.02418470    
   404.141052      -1.25916624       38.5778809       1.72521150       283.693329      -2.28604579       101.580399      -1.17704356       1855.15930      -1.15827012       8.67478371       1.66461194    
   20597.0723      -310.611420      -3.31437993       61.2135010       3.66263390      -87.6625443       9.85736656      -182.377777       112984.547      -953.900330      0.687415004       3.02017617    
 -0.433188498      -60.8186073       21008.2832      -263.692535      -6.08606052      -35.6574097      -114271.453       823.736816       3.33338165      -156.790390       4.04599953       3.52488089    
   1.06630754       66.3214035      -7.93437815       11.1684561       151867.906       90.4944305       35.8849907      -36.3100052      -17.1091652       208.422134      -2.68277177E-03 -0.107228167    
  0.989854097       172.435364      -114127.219       715.138184       31.9246445       94.4163132       659996.000      -2227.40527      -10.1076031       442.795959      -17.4947186      -12.6859331    
   112889.523      -736.081055      -7.41131592       158.894852      -10.5076008      -232.844284       20.9831181      -476.604401       657121.938      -2258.84424       5.68637085       7.16714144    
   1.15897536      -3.87793517       2.47426009      -10.6447592      0.344303817      -2.82412124      -13.0698023       35.8408813       7.24219561      -10.6812563       34.6222153     -0.555091977    
   760.330261       3.12490511       12.8979702       1.69663453       265.283875      -3.13565755       53.5392265      -1.81300974       1837.28687      -3.06872487       1.92112148       1.32914639    
   20636.1621       1.91555595      -1.58982849      -27.9938526       2.19510031       21.1320114       4.74647188       89.3706512       113101.086       415.574738      0.920441031      -2.90491223    
   4.41134024      -48.7082520       21040.1973       207.688110      -5.79805470      -9.15120125      -114378.156      -771.368530       13.1287193      -39.6708641       3.39017820       17.3472652    
 -0.652196527       37.8222694      -7.95880032      -3.89612055       151893.062       27.4474678       35.6924133       17.4813099      -21.5023746       73.5686035      -2.03866046E-02   7.34992921E-02
  -12.6869984       136.593185      -114240.023      -554.187012       31.0577030       25.3096161       660377.500       2056.94336      -37.9535561       114.697037      -15.7032623      -48.1528244    
   113018.055      -7.53201294      -3.57052898      -71.2708664      -12.0579453       38.6377106       9.34192276       232.087387       657523.938       930.224121       6.19281054      -6.96241760    
  0.946830213     -0.260387182       3.01026607      -15.4594011      0.301218390      0.253973424      -15.1370239       50.0887947       6.67125797       4.33068323       34.7016602      -2.17606187    
   990.197937       2.79922867       49.5558662       2.78197074       999.920227      -2.45059800       146.630341     -0.219289571       2493.76147       2.69380212       4.61295557       1.97678220    
   20656.3477       107.855370       1.87500858      -3.52601171      -6.82716227      -4.15453434      -7.08481264       9.03389072       113172.625       374.946045      0.804277420      0.618507862    
 -0.747272551       46.6885757       21053.3301       73.2607346      -7.57804537       29.2500362      -114430.648      -273.304047      -3.29176426       113.416595       2.75178313      -11.0434818    
  -1.61763537      -34.9692726      -7.37226295      -3.84851384       151919.562      -24.2488403       33.5175514       14.3828306      -21.8501186      -112.238678      -6.85747415E-02  0.394119948    
   1.76837397      -132.082825      -114299.188      -215.207672       35.7763023      -79.1811371       660601.062       799.494873       8.12406349      -324.605255      -13.9619761       31.4244881    
   113098.688       287.812195       5.45353317      -7.68921471      -36.2932053      -6.54992104      -21.2709293       19.6999035       657805.812       985.002563       5.90505123       1.98651993    
  0.960330486       2.95062661       2.79262781       4.28810978      0.142683432       2.44731522      -14.3881865      -12.2280655       6.20842552       6.49550629       34.8387451      0.234586701    
