2 0
1 -4.97474 -0.492269 -0.0490212
2 -4.97474 -0.501938 0
3 -5 0 0
4 -4.90188 -0.966719 -0.0962679
5 -4.90188 -0.985706 0
6 -4.77771 -1.44589 -0.143985
7 -4.77771 -1.47429 0
8 -4.59992 -1.92203 -0.1914
9 -4.59992 -1.95978 0
10 -4.37016 -2.38255 -0.237259
11 -4.37016 -2.42934 0
12 -4.09382 -2.81535 -0.280359
13 -4.09382 -2.87065 0
14 -3.76996 -3.22116 -0.320769
15 -3.76996 -3.28442 0
16 -3.40307 -3.59265 -0.357764
17 -3.40307 -3.66322 0
18 -2.99913 -3.92359 -0.390719
19 -2.99913 -4.00065 0
20 -2.56533 -4.20908 -0.419149
21 -2.56533 -4.29175 0
22 -2.10958 -4.44586 -0.442728
23 -2.10958 -4.53317 0
24 -1.64011 -4.63237 -0.461301
25 -1.64011 -4.72335 0
26 -1.165 -4.76872 -0.47488
27 -1.165 -4.86238 0
28 -0.669418 -4.85954 -0.483923
29 -0.669418 -4.95499 0
30 -0.180275 -4.9005 -0.488002
31 -0.180275 -4.99675 0
32 0.251499 -4.89748 -0.487702
33 0.251499 -4.99367 0
34 0.742764 -4.84928 -0.482902
35 0.742764 -4.94452 0
36 1.22987 -4.75303 -0.473317
37 1.22987 -4.84638 0
38 1.71795 -4.60515 -0.458591
39 1.71795 -4.6956 0
40 2.19869 -4.40413 -0.438573
41 2.19869 -4.49063 0
42 2.65294 -4.15651 -0.413914
43 2.65294 -4.23815 0
44 3.08146 -3.86174 -0.38456
45 3.08146 -3.93759 0
46 3.47862 -3.52237 -0.350765
47 3.47862 -3.59155 0
48 3.83745 -3.14356 -0.313043
49 3.83745 -3.2053 0
50 4.15224 -2.73183 -0.272041
51 4.15224 -2.78548 0
52 4.41881 -2.29462 -0.228503
53 4.41881 -2.33969 0
54 4.6347 -1.83991 -0.183222
55 4.6347 -1.87605 0
56 4.79919 -1.37575 -0.137
57 4.79919 -1.40277 0
58 4.91318 -0.909853 -0.090605
59 4.91318 -0.927723 0
60 4.98146 -0.421947 -0.0420183
61 4.98146 -0.430234 0
62 5 0 0
63 -4.97474 -0.467933 -0.0908029
64 -4.90188 -0.918926 -0.178319
65 -4.77771 -1.37441 -0.266706
66 -4.59992 -1.82701 -0.354533
67 -4.37016 -2.26476 -0.43948
68 -4.09382 -2.67617 -0.519314
69 -3.76996 -3.06191 -0.594167
70 -3.40307 -3.41504 -0.662693
71 -2.99913 -3.72961 -0.723736
72 -2.56533 -4.00099 -0.776397
73 -2.10958 -4.22606 -0.820073
74 -1.64011 -4.40335 -0.854476
75 -1.165 -4.53297 -0.879628
76 -0.669418 -4.6193 -0.89638
77 -0.180275 -4.65823 -0.903935
78 0.251499 -4.65536 -0.903378
79 0.742764 -4.60954 -0.894487
80 1.22987 -4.51805 -0.876733
81 1.71795 -4.37748 -0.849456
82 2.19869 -4.1864 -0.812376
83 2.65294 -3.95102 -0.766701
84 3.08146 -3.67082 -0.712328
85 3.47862 -3.34823 -0.649728
86 3.83745 -2.98815 -0.579855
87 4.15224 -2.59677 -0.503907
88 4.41881 -2.18118 -0.42326
89 4.6347 -1.74895 -0.339386
90 4.79919 -1.30774 -0.253768
91 4.91318 -0.864872 -0.167829
92 4.98146 -0.401086 -0.0778313
93 -4.97474 -0.431575 -0.128145
94 -4.90188 -0.847528 -0.25165
95 -4.77771 -1.26762 -0.376385
96 -4.59992 -1.68506 -0.500331
97 -4.37016 -2.0888 -0.620211
98 -4.09382 -2.46824 -0.732876
99 -3.76996 -2.82401 -0.838511
100 -3.40307 -3.1497 -0.935218
101 -2.99913 -3.43983 -1.02136
102 -2.56533 -3.69012 -1.09568
103 -2.10958 -3.89771 -1.15732
104 -1.64011 -4.06123 -1.20587
105 -1.165 -4.18077 -1.24137
106 -0.669418 -4.26039 -1.26501
107 -0.180275 -4.2963 -1.27567
108 0.251499 -4.29365 -1.27488
109 0.742764 -4.25139 -1.26234
110 1.22987 -4.16701 -1.23728
111 1.71795 -4.03736 -1.19879
112 2.19869 -3.86113 -1.14646
113 2.65294 -3.64404 -1.082
114 3.08146 -3.38561 -1.00527
115 3.47862 -3.08808 -0.916921
116 3.83745 -2.75598 -0.818313
117 4.15224 -2.39501 -0.711133
118 4.41881 -2.01171 -0.597321
119 4.6347 -1.61306 -0.478954
120 4.79919 -1.20613 -0.358127
121 4.91318 -0.797673 -0.236847
122 4.98146 -0.369923 -0.109839
123 -4.97474 -0.391499 -0.157059
124 -4.90188 -0.768826 -0.308432
125 -4.77771 -1.14991 -0.461312
126 -4.59992 -1.52858 -0.613225
127 -4.37016 -1.89483 -0.760154
128 -4.09382 -2.23904 -0.898241
129 -3.76996 -2.56177 -1.02771
130 -3.40307 -2.85722 -1.14624
131 -2.99913 -3.12041 -1.25182
132 -2.56533 -3.34746 -1.34291
133 -2.10958 -3.53576 -1.41845
134 -1.64011 -3.6841 -1.47796
135 -1.165 -3.79254 -1.52146
136 -0.669418 -3.86477 -1.55044
137 -0.180275 -3.89734 -1.56351
138 0.251499 -3.89494 -1.56254
139 0.742764 -3.85661 -1.54717
140 1.22987 -3.78006 -1.51646
141 1.71795 -3.66245 -1.46928
142 2.19869 -3.50258 -1.40514
143 2.65294 -3.30565 -1.32614
144 3.08146 -3.07122 -1.23209
145 3.47862 -2.80132 -1.12381
146 3.83745 -2.50006 -1.00296
147 4.15224 -2.17261 -0.871592
148 4.41881 -1.8249 -0.7321
149 4.6347 -1.46327 -0.587024
150 4.79919 -1.09413 -0.438934
151 4.91318 -0.723601 -0.290289
152 4.98146 -0.335572 -0.134622
153 -4.97474 -0.347434 -0.181129
154 -4.90188 -0.682291 -0.355702
155 -4.77771 -1.02048 -0.532011
156 -4.59992 -1.35653 -0.707206
157 -4.37016 -1.68156 -0.876653
158 -4.09382 -1.98702 -1.0359
159 -3.76996 -2.27343 -1.18522
160 -3.40307 -2.53562 -1.32191
161 -2.99913 -2.76919 -1.44367
162 -2.56533 -2.97068 -1.54872
163 -2.10958 -3.1378 -1.63584
164 -1.64011 -3.26943 -1.70447
165 -1.165 -3.36567 -1.75464
166 -0.669418 -3.42977 -1.78806
167 -0.180275 -3.45868 -1.80313
168 0.251499 -3.45655 -1.80202
169 0.742764 -3.42253 -1.78428
170 1.22987 -3.35459 -1.74887
171 1.71795 -3.25023 -1.69445
172 2.19869 -3.10835 -1.62049
173 2.65294 -2.93358 -1.52938
174 3.08146 -2.72554 -1.42092
175 3.47862 -2.48602 -1.29605
176 3.83745 -2.21866 -1.15667
177 4.15224 -1.92807 -1.00517
178 4.41881 -1.6195 -0.844299
179 4.6347 -1.29857 -0.67699
180 4.79919 -0.970978 -0.506204
181 4.91318 -0.642156 -0.334778
182 4.98146 -0.297801 -0.155254
183 -4.97474 -0.300898 -0.200874
184 -4.90188 -0.590904 -0.394477
185 -4.77771 -0.883795 -0.590006
186 -4.59992 -1.17483 -0.784299
187 -4.37016 -1.45633 -0.972218
188 -4.09382 -1.72088 -1.14883
189 -3.76996 -1.96892 -1.31442
190 -3.40307 -2.196 -1.46601
191 -2.99913 -2.39828 -1.60105
192 -2.56533 -2.57278 -1.71755
193 -2.10958 -2.71751 -1.81417
194 -1.64011 -2.83152 -1.89027
195 -1.165 -2.91487 -1.94591
196 -0.669418 -2.97038 -1.98297
197 -0.180275 -2.99541 -1.99969
198 0.251499 -2.99357 -1.99846
199 0.742764 -2.96411 -1.97879
200 1.22987 -2.90527 -1.93951
201 1.71795 -2.81488 -1.87917
202 2.19869 -2.69201 -1.79714
203 2.65294 -2.54065 -1.6961
204 3.08146 -2.36048 -1.57581
205 3.47862 -2.15303 -1.43733
206 3.83745 -1.92149 -1.28276
207 4.15224 -1.66982 -1.11474
208 4.41881 -1.40258 -0.936337
209 4.6347 -1.12464 -0.750789
210 4.79919 -0.840923 -0.561386
211 4.91318 -0.556144 -0.371272
212 4.98146 -0.257913 -0.172179
213 -4.97474 -0.253571 -0.216589
214 -4.90188 -0.497964 -0.425338
215 -4.77771 -0.744787 -0.636163
216 -4.59992 -0.990051 -0.845656
217 -4.37016 -1.22727 -1.04828
218 -4.09382 -1.45021 -1.2387
219 -3.76996 -1.65924 -1.41725
220 -3.40307 -1.8506 -1.5807
221 -2.99913 -2.02107 -1.7263
222 -2.56533 -2.16812 -1.85191
223 -2.10958 -2.29009 -1.95609
224 -1.64011 -2.38616 -2.03815
225 -1.165 -2.4564 -2.09815
226 -0.669418 -2.50318 -2.1381
227 -0.180275 -2.52428 -2.15613
228 0.251499 -2.52273 -2.1548
229 0.742764 -2.4979 -2.13359
230 1.22987 -2.44832 -2.09124
231 1.71795 -2.37215 -2.02618
232 2.19869 -2.2686 -1.93773
233 2.65294 -2.14105 -1.82878
234 3.08146 -1.98921 -1.69909
235 3.47862 -1.81439 -1.54977
236 3.83745 -1.61927 -1.38311
237 4.15224 -1.40718 -1.20195
238 4.41881 -1.18197 -1.00959
239 4.6347 -0.94775 -0.809525
240 4.79919 -0.708659 -0.605304
241 4.91318 -0.468671 -0.400318
242 4.98146 -0.217347 -0.185648
243 -4.97474 -0.203741 -0.229364
244 -4.90188 -0.400107 -0.450425
245 -4.77771 -0.598427 -0.673685
246 -4.59992 -0.795493 -0.895534
247 -4.37016 -0.986094 -1.1101
248 -4.09382 -1.16522 -1.31176
249 -3.76996 -1.33318 -1.50084
250 -3.40307 -1.48693 -1.67393
251 -2.99913 -1.6239 -1.82812
252 -2.56533 -1.74206 -1.96114
253 -2.10958 -1.84006 -2.07146
254 -1.64011 -1.91725 -2.15837
255 -1.165 -1.97369 -2.2219
256 -0.669418 -2.01128 -2.26421
257 -0.180275 -2.02823 -2.2833
258 0.251499 -2.02698 -2.28189
259 0.742764 -2.00703 -2.25943
260 1.22987 -1.96719 -2.21459
261 1.71795 -1.90599 -2.14569
262 2.19869 -1.82279 -2.05202
263 2.65294 -1.7203 -1.93665
264 3.08146 -1.5983 -1.79931
265 3.47862 -1.45784 -1.64118
266 3.83745 -1.30106 -1.46469
267 4.15224 -1.13065 -1.27285
268 4.41881 -0.949701 -1.06914
269 4.6347 -0.761505 -0.857272
270 4.79919 -0.569398 -0.641006
271 4.91318 -0.376572 -0.423929
272 4.98146 -0.174636 -0.196598
273 -4.97474 -0.152459 -0.239112
274 -4.90188 -0.2994 -0.469568
275 -4.77771 -0.447803 -0.702317
276 -4.59992 -0.595267 -0.933594
277 -4.37016 -0.737893 -1.15728
278 -4.09382 -0.871936 -1.36751
279 -3.76996 -0.997616 -1.56462
280 -3.40307 -1.11267 -1.74507
281 -2.99913 -1.21516 -1.90582
282 -2.56533 -1.30358 -2.04449
283 -2.10958 -1.37691 -2.1595
284 -1.64011 -1.43468 -2.2501
285 -1.165 -1.47691 -2.31633
286 -0.669418 -1.50504 -2.36044
287 -0.180275 -1.51772 -2.38034
288 0.251499 -1.51679 -2.37887
289 0.742764 -1.50186 -2.35546
290 1.22987 -1.47205 -2.30871
291 1.71795 -1.42625 -2.23688
292 2.19869 -1.36399 -2.13923
293 2.65294 -1.2873 -2.01896
294 3.08146 -1.19601 -1.87578
295 3.47862 -1.0909 -1.71093
296 3.83745 -0.973585 -1.52693
297 4.15224 -0.846068 -1.32694
298 4.41881 -0.710661 -1.11457
299 4.6347 -0.569834 -0.893706
300 4.79919 -0.42608 -0.668248
301 4.91318 -0.281788 -0.441946
302 4.98146 -0.13068 -0.204954
303 -4.97474 -0.100769 -0.245859
304 -4.90188 -0.197891 -0.482819
305 -4.77771 -0.295979 -0.722136
306 -4.59992 -0.393447 -0.959939
307 -4.37016 -0.487717 -1.18994
308 -4.09382 -0.576314 -1.4061
309 -3.76996 -0.659383 -1.60878
310 -3.40307 -0.73543 -1.79432
311 -2.99913 -0.803173 -1.9596
312 -2.56533 -0.861614 -2.10218
313 -2.10958 -0.910084 -2.22044
314 -1.64011 -0.948263 -2.31359
315 -1.165 -0.976176 -2.38169
316 -0.669418 -0.994767 -2.42705
317 -0.180275 -1.00315 -2.44751
318 0.251499 -1.00253 -2.446
319 0.742764 -0.992666 -2.42193
320 1.22987 -0.972963 -2.37386
321 1.71795 -0.942692 -2.3
322 2.19869 -0.901543 -2.1996
323 2.65294 -0.850854 -2.07593
324 3.08146 -0.790513 -1.92871
325 3.47862 -0.721042 -1.75921
326 3.83745 -0.643499 -1.57002
327 4.15224 -0.559216 -1.36439
328 4.41881 -0.469717 -1.14603
329 4.6347 -0.376636 -0.918925
330 4.79919 -0.281621 -0.687106
331 4.91318 -0.18625 -0.454417
332 4.98146 -0.086374 -0.210737
333 -4.97474 -0.0496643 -0.249737
334 -4.90188 -0.0975308 -0.490435
335 -4.77771 -0.145874 -0.733526
336 -4.59992 -0.193911 -0.975081
337 -4.37016 -0.240372 -1.20871
338 -4.09382 -0.284037 -1.42828
339 -3.76996 -0.324977 -1.63415
340 -3.40307 -0.362457 -1.82262
341 -2.99913 -0.395845 -1.99051
342 -2.56533 -0.424647 -2.13534
343 -2.10958 -0.448535 -2.25546
344 -1.64011 -0.467352 -2.35009
345 -1.165 -0.481109 -2.41926
346 -0.669418 -0.490271 -2.46534
347 -0.180275 -0.494404 -2.48611
348 0.251499 -0.494099 -2.48458
349 0.742764 -0.489236 -2.46013
350 1.22987 -0.479526 -2.4113
351 1.71795 -0.464607 -2.33628
352 2.19869 -0.444326 -2.2343
353 2.65294 -0.419344 -2.10868
354 3.08146 -0.389605 -1.95913
355 3.47862 -0.355366 -1.78696
356 3.83745 -0.317149 -1.59479
357 4.15224 -0.27561 -1.38591
358 4.41881 -0.231501 -1.1641
359 4.6347 -0.185626 -0.93342
360 4.79919 -0.138797 -0.697944
361 4.91318 -0.0917936 -0.461585
362 4.98146 -0.0425695 -0.214061
363 -4.97474 0 -0.250969
364 -4.90188 0 -0.492853
365 -4.77771 0 -0.737144
366 -4.59992 0 -0.97989
367 -4.37016 0 -1.21467
368 -4.09382 0 -1.43532
369 -3.76996 0 -1.64221
370 -3.40307 0 -1.83161
371 -2.99913 0 -2.00032
372 -2.56533 0 -2.14587
373 -2.10958 0 -2.26659
374 -1.64011 0 -2.36168
375 -1.165 0 -2.43119
376 -0.669418 0 -2.47749
377 -0.180275 0 -2.49837
378 0.251499 0 -2.49684
379 0.742764 0 -2.47226
380 1.22987 0 -2.42319
381 1.71795 0 -2.3478
382 2.19869 0 -2.24532
383 2.65294 0 -2.11907
384 3.08146 0 -1.96879
385 3.47862 0 -1.79577
386 3.83745 0 -1.60265
387 4.15224 0 -1.39274
388 4.41881 0 -1.16984
389 4.6347 0 -0.938023
390 4.79919 0 -0.701386
391 4.91318 0 -0.463861
392 4.98146 0 -0.215117
393 -4.97474 0.0506111 -0.24969
394 -4.90188 0.0993902 -0.490341
395 -4.77771 0.148655 -0.733387
396 -4.59992 0.197608 -0.974896
397 -4.37016 0.244954 -1.20848
398 -4.09382 0.289452 -1.42801
399 -3.76996 0.331173 -1.63384
400 -3.40307 0.369367 -1.82227
401 -2.99913 0.403391 -1.99013
402 -2.56533 0.432743 -2.13494
403 -2.10958 0.457087 -2.25504
404 -1.64011 0.476263 -2.34964
405 -1.165 0.490281 -2.4188
406 -0.669418 0.499619 -2.46487
407 -0.180275 0.50383 -2.48564
408 0.251499 0.503519 -2.48411
409 0.742764 0.498564 -2.45966
410 1.22987 0.488668 -2.41084
411 1.71795 0.473464 -2.33583
412 2.19869 0.452797 -2.23387
413 2.65294 0.427339 -2.10827
414 3.08146 0.397033 -1.95876
415 3.47862 0.362141 -1.78662
416 3.83745 0.323196 -1.59448
417 4.15224 0.280865 -1.38564
418 4.41881 0.235914 -1.16388
419 4.6347 0.189165 -0.933242
420 4.79919 0.141444 -0.697811
421 4.91318 0.0935437 -0.461497
422 4.98146 0.0433811 -0.21402
423 -4.97474 0.100667 -0.24587
424 -4.90188 0.197689 -0.482839
425 -4.77771 0.295677 -0.722167
426 -4.59992 0.393046 -0.959981
427 -4.37016 0.48722 -1.18999
428 -4.09382 0.575726 -1.40616
429 -3.76996 0.65871 -1.60884
430 -3.40307 0.73468 -1.79439
431 -2.99913 0.802354 -1.95968
432 -2.56533 0.860735 -2.10227
433 -2.10958 0.909155 -2.22054
434 -1.64011 0.947296 -2.31369
435 -1.165 0.97518 -2.3818
436 -0.669418 0.993752 -2.42716
437 -0.180275 1.00213 -2.44761
438 0.251499 1.00151 -2.44611
439 0.742764 0.991654 -2.42203
440 1.22987 0.971971 -2.37396
441 1.71795 0.941731 -2.3001
442 2.19869 0.900623 -2.1997
443 2.65294 0.849986 -2.07602
444 3.08146 0.789707 -1.92879
445 3.47862 0.720307 -1.75929
446 3.83745 0.642843 -1.57009
447 4.15224 0.558646 -1.36444
448 4.41881 0.469238 -1.14607
449 4.6347 0.376252 -0.918965
450 4.79919 0.281334 -0.687135
451 4.91318 0.18606 -0.454437
452 4.98146 0.086286 -0.210746
453 -4.97474 0.151207 -0.239311
454 -4.90188 0.29694 -0.469958
455 -4.77771 0.444123 -0.702901
456 -4.59992 0.590376 -0.93437
457 -4.37016 0.73183 -1.15825
458 -4.09382 0.864772 -1.36865
459 -3.76996 0.989419 -1.56592
460 -3.40307 1.10353 -1.74652
461 -2.99913 1.20518 -1.9074
462 -2.56533 1.29287 -2.04619
463 -2.10958 1.3656 -2.1613
464 -1.64011 1.42289 -2.25197
465 -1.165 1.46477 -2.31825
466 -0.669418 1.49267 -2.3624
467 -0.180275 1.50525 -2.38232
468 0.251499 1.50432 -2.38085
469 0.742764 1.48952 -2.35742
470 1.22987 1.45995 -2.31063
471 1.71795 1.41453 -2.23874
472 2.19869 1.35279 -2.14101
473 2.65294 1.27673 -2.02064
474 3.08146 1.18618 -1.87734
475 3.47862 1.08194 -1.71235
476 3.83745 0.965586 -1.5282
477 4.15224 0.839116 -1.32804
478 4.41881 0.704821 -1.1155
479 4.6347 0.565152 -0.894449
480 4.79919 0.422579 -0.668804
481 4.91318 0.279473 -0.442313
482 4.98146 0.129606 -0.205124
483 -4.97474 0.201359 -0.229889
484 -4.90188 0.395429 -0.451457
485 -4.77771 0.59143 -0.675228
486 -4.59992 0.786192 -0.897585
487 -4.37016 0.974564 -1.11265
488 -4.09382 1.1516 -1.31477
489 -3.76996 1.31759 -1.50427
490 -3.40307 1.46955 -1.67776
491 -2.99913 1.60491 -1.83231
492 -2.56533 1.72169 -1.96563
493 -2.10958 1.81854 -2.07621
494 -1.64011 1.89484 -2.16331
495 -1.165 1.95061 -2.22699
496 -0.669418 1.98776 -2.2694
497 -0.180275 2.00451 -2.28853
498 0.251499 2.00328 -2.28712
499 0.742764 1.98356 -2.26461
500 1.22987 1.94419 -2.21966
501 1.71795 1.8837 -2.1506
502 2.19869 1.80148 -2.05672
503 2.65294 1.70019 -1.94109
504 3.08146 1.57962 -1.80343
505 3.47862 1.4408 -1.64494
506 3.83745 1.28585 -1.46804
507 4.15224 1.11743 -1.27576
508 4.41881 0.938597 -1.07158
509 4.6347 0.752601 -0.859235
510 4.79919 0.562741 -0.642474
511 4.91318 0.372168 -0.4249
512 4.98146 0.172594 -0.197048
513 -4.97474 0.250464 -0.217491
514 -4.90188 0.491861 -0.427109
515 -4.77771 0.73566 -0.638813
516 -4.59992 0.977918 -0.849178
517 -4.37016 1.21223 -1.05264
518 -4.09382 1.43244 -1.24386
519 -3.76996 1.6389 -1.42315
520 -3.40307 1.82792 -1.58728
521 -2.99913 1.9963 -1.73349
522 -2.56533 2.14155 -1.85963
523 -2.10958 2.26203 -1.96424
524 -1.64011 2.35692 -2.04664
525 -1.165 2.4263 -2.10688
526 -0.669418 2.47251 -2.14701
527 -0.180275 2.49335 -2.16511
528 0.251499 2.49181 -2.16377
529 0.742764 2.46729 -2.14248
530 1.22987 2.41831 -2.09995
531 1.71795 2.34308 -2.03462
532 2.19869 2.2408 -1.9458
533 2.65294 2.11481 -1.8364
534 3.08146 1.96483 -1.70617
535 3.47862 1.79216 -1.55623
536 3.83745 1.59943 -1.38887
537 4.15224 1.38994 -1.20696
538 4.41881 1.16749 -1.01379
539 4.6347 0.936135 -0.812896
540 4.79919 0.699974 -0.607825
541 4.91318 0.462928 -0.401985
542 4.98146 0.214684 -0.186422
543 -4.97474 0.298821 -0.201648
544 -4.90188 0.586825 -0.395996
545 -4.77771 0.877695 -0.592278
546 -4.59992 1.16673 -0.78732
547 -4.37016 1.44627 -0.975962
548 -4.09382 1.709 -1.15325
549 -3.76996 1.95533 -1.31948
550 -3.40307 2.18084 -1.47166
551 -2.99913 2.38173 -1.60722
552 -2.56533 2.55503 -1.72416
553 -2.10958 2.69876 -1.82115
554 -1.64011 2.81198 -1.89755
555 -1.165 2.89475 -1.95341
556 -0.669418 2.94988 -1.99061
557 -0.180275 2.97474 -2.00739
558 0.251499 2.97291 -2.00615
559 0.742764 2.94365 -1.98641
560 1.22987 2.88522 -1.94698
561 1.71795 2.79545 -1.8864
562 2.19869 2.67343 -1.80406
563 2.65294 2.52312 -1.70263
564 3.08146 2.34418 -1.58188
565 3.47862 2.13817 -1.44286
566 3.83745 1.90823 -1.2877
567 4.15224 1.6583 -1.11904
568 4.41881 1.3929 -0.939943
569 4.6347 1.11688 -0.75368
570 4.79919 0.835119 -0.563548
571 4.91318 0.552306 -0.372702
572 4.98146 0.256133 -0.172842
573 -4.97474 0.345816 -0.181901
574 -4.90188 0.679114 -0.357218
575 -4.77771 1.01573 -0.53428
576 -4.59992 1.35021 -0.710221
577 -4.37016 1.67373 -0.880391
578 -4.09382 1.97777 -1.04032
579 -3.76996 2.26284 -1.19027
580 -3.40307 2.52382 -1.32754
581 -2.99913 2.7563 -1.44983
582 -2.56533 2.95685 -1.55532
583 -2.10958 3.12319 -1.64282
584 -1.64011 3.25421 -1.71174
585 -1.165 3.35 -1.76212
586 -0.669418 3.4138 -1.79568
587 -0.180275 3.44257 -1.81081
588 0.251499 3.44045 -1.8097
589 0.742764 3.40659 -1.79189
590 1.22987 3.33898 -1.75632
591 1.71795 3.23509 -1.70168
592 2.19869 3.09388 -1.6274
593 2.65294 2.91992 -1.5359
594 3.08146 2.71285 -1.42698
595 3.47862 2.47444 -1.30157
596 3.83745 2.20833 -1.1616
597 4.15224 1.91909 -1.00946
598 4.41881 1.61196 -0.847899
599 4.6347 1.29253 -0.679876
600 4.79919 0.966457 -0.508362
601 4.91318 0.639166 -0.336205
602 4.98146 0.296415 -0.155916
603 -4.97474 0.390685 -0.157565
604 -4.90188 0.767229 -0.309425
605 -4.77771 1.14752 -0.462797
606 -4.59992 1.5254 -0.615199
607 -4.37016 1.89089 -0.762602
608 -4.09382 2.23438 -0.901133
609 -3.76996 2.55644 -1.03102
610 -3.40307 2.85128 -1.14993
611 -2.99913 3.11392 -1.25585
612 -2.56533 3.3405 -1.34723
613 -2.10958 3.52842 -1.42302
614 -1.64011 3.67644 -1.48272
615 -1.165 3.78466 -1.52636
616 -0.669418 3.85673 -1.55543
617 -0.180275 3.88924 -1.56854
618 0.251499 3.88685 -1.56758
619 0.742764 3.84859 -1.55215
620 1.22987 3.7722 -1.52134
621 1.71795 3.65484 -1.47401
622 2.19869 3.4953 -1.40967
623 2.65294 3.29878 -1.33041
624 3.08146 3.06484 -1.23606
625 3.47862 2.7955 -1.12743
626 3.83745 2.49486 -1.00619
627 4.15224 2.16809 -0.874398
628 4.41881 1.82111 -0.734457
629 4.6347 1.46023 -0.588914
630 4.79919 1.09185 -0.440348
631 4.91318 0.722097 -0.291224
632 4.98146 0.334874 -0.135056
633 -4.97474 0.432097 -0.127705
634 -4.90188 0.848552 -0.250787
635 -4.77771 1.26915 -0.375093
636 -4.59992 1.68709 -0.498613
637 -4.37016 2.09132 -0.618082
638 -4.09382 2.47122 -0.73036
639 -3.76996 2.82742 -0.835633
640 -3.40307 3.15351 -0.932007
641 -2.99913 3.44399 -1.01786
642 -2.56533 3.69458 -1.09192
643 -2.10958 3.90242 -1.15334
644 -1.64011 4.06613 -1.20173
645 -1.165 4.18582 -1.2371
646 -0.669418 4.26554 -1.26066
647 -0.180275 4.30149 -1.27129
648 0.251499 4.29884 -1.27051
649 0.742764 4.25653 -1.258
650 1.22987 4.17204 -1.23303
651 1.71795 4.04224 -1.19467
652 2.19869 3.86579 -1.14252
653 2.65294 3.64844 -1.07828
654 3.08146 3.3897 -1.00181
655 3.47862 3.09181 -0.913773
656 3.83745 2.75931 -0.815504
657 4.15224 2.3979 -0.708692
658 4.41881 2.01414 -0.595271
659 4.6347 1.61501 -0.47731
660 4.79919 1.20759 -0.356898
661 4.91318 0.798637 -0.236034
662 4.98146 0.37037 -0.109461
663 -4.97474 0.467619 -0.0912063
664 -4.90188 0.91831 -0.179111
665 -4.77771 1.37349 -0.26789
666 -4.59992 1.82578 -0.356109
667 -4.37016 2.26324 -0.441432
668 -4.09382 2.67437 -0.521621
669 -3.76996 3.05985 -0.596807
670 -3.40307 3.41275 -0.665637
671 -2.99913 3.72711 -0.726952
672 -2.56533 3.9983 -0.779846
673 -2.10958 4.22323 -0.823716
674 -1.64011 4.4004 -0.858273
675 -1.165 4.52993 -0.883536
676 -0.669418 4.6162 -0.900363
677 -0.180275 4.6551 -0.907952
678 0.251499 4.65224 -0.907392
679 0.742764 4.60645 -0.898462
680 1.22987 4.51502 -0.880629
681 1.71795 4.37455 -0.85323
682 2.19869 4.18359 -0.815986
683 2.65294 3.94837 -0.770107
684 3.08146 3.66836 -0.715493
685 3.47862 3.34598 -0.652615
686 3.83745 2.98615 -0.582431
687 4.15224 2.59503 -0.506146
688 4.41881 2.17971 -0.425141
689 4.6347 1.74777 -0.340894
690 4.79919 1.30686 -0.254895
691 4.91318 0.864291 -0.168575
692 4.98146 0.400817 -0.0781771
693 -4.97474 0.492916 -0.047369
694 -4.90188 0.967989 -0.0930233
695 -4.77771 1.44779 -0.139132
696 -4.59992 1.92455 -0.184949
697 -4.37016 2.38568 -0.229263
698 -4.09382 2.81905 -0.27091
699 -3.76996 3.22539 -0.309958
700 -3.40307 3.59737 -0.345706
701 -2.99913 3.92874 -0.37755
702 -2.56533 4.21461 -0.405022
703 -2.10958 4.4517 -0.427806
704 -1.64011 4.63845 -0.445753
705 -1.165 4.77499 -0.458874
706 -0.669418 4.86593 -0.467613
707 -0.180275 4.90694 -0.471555
708 0.251499 4.90392 -0.471264
709 0.742764 4.85565 -0.466626
710 1.22987 4.75927 -0.457364
711 1.71795 4.6112 -0.443134
712 2.19869 4.40992 -0.423791
713 2.65294 4.16197 -0.399964
714 3.08146 3.86681 -0.371599
715 3.47862 3.52699 -0.338943
716 3.83745 3.14769 -0.302492
717 4.15224 2.73542 -0.262872
718 4.41881 2.29763 -0.220802
719 4.6347 1.84233 -0.177047
720 4.79919 1.37756 -0.132383
721 4.91318 0.911048 -0.0875514
722 4.98146 0.422501 -0.0406021
723 -4.97474 0.501938 0
724 -4.90188 0.985706 0
725 -4.77771 1.47429 0
726 -4.59992 1.95978 0
727 -4.37016 2.42934 0
728 -4.09382 2.87065 0
729 -3.76996 3.28442 0
730 -3.40307 3.66322 0
731 -2.99913 4.00065 0
732 -2.56533 4.29175 0
733 -2.10958 4.53317 0
734 -1.64011 4.72335 0
735 -1.165 4.86238 0
736 -0.669418 4.95499 0
737 -0.180275 4.99675 0
738 0.251499 4.99367 0
739 0.742764 4.94452 0
740 1.22987 4.84638 0
741 1.71795 4.6956 0
742 2.19869 4.49063 0
743 2.65294 4.23815 0
744 3.08146 3.93759 0
745 3.47862 3.59155 0
746 3.83745 3.2053 0
747 4.15224 2.78548 0
748 4.41881 2.33969 0
749 4.6347 1.87605 0
750 4.79919 1.40277 0
751 4.91318 0.927723 0
752 4.98146 0.430234 0
0 0. 0. 0.
1 2 3 1
4 5 2 4
6 7 5 6
8 9 7 8
10 11 9 10
12 13 11 12
14 15 13 14
16 17 15 16
18 19 17 18
20 21 19 20
22 23 21 22
24 25 23 24
26 27 25 26
28 29 27 28
30 31 29 30
32 33 30 32
34 35 32 34
36 37 34 36
38 39 36 38
40 41 38 40
42 43 40 42
44 45 42 44
46 47 44 46
48 49 46 48
50 51 48 50
52 53 50 52
54 55 52 54
56 57 54 56
58 59 56 58
60 61 58 60
62 61 60 62
63 1 3 63
64 4 1 64
65 6 4 65
66 8 6 66
67 10 8 67
68 12 10 68
69 14 12 69
70 16 14 70
71 18 16 71
72 20 18 72
73 22 20 73
74 24 22 74
75 26 24 75
76 28 26 76
77 30 28 77
78 32 77 78
79 34 78 79
80 36 79 80
81 38 80 81
82 40 81 82
83 42 82 83
84 44 83 84
85 46 84 85
86 48 85 86
87 50 86 87
88 52 87 88
89 54 88 89
90 56 89 90
91 58 90 91
92 60 91 92
62 60 92 62
93 63 3 93
94 64 63 94
95 65 64 95
96 66 65 96
97 67 66 97
98 68 67 98
99 69 68 99
100 70 69 100
101 71 70 101
102 72 71 102
103 73 72 103
104 74 73 104
105 75 74 105
106 76 75 106
107 77 76 107
108 78 107 108
109 79 108 109
110 80 109 110
111 81 110 111
112 82 111 112
113 83 112 113
114 84 113 114
115 85 114 115
116 86 115 116
117 87 116 117
118 88 117 118
119 89 118 119
120 90 119 120
121 91 120 121
122 92 121 122
62 92 122 62
123 93 3 123
124 94 93 124
125 95 94 125
126 96 95 126
127 97 96 127
128 98 97 128
129 99 98 129
130 100 99 130
131 101 100 131
132 102 101 132
133 103 102 133
134 104 103 134
135 105 104 135
136 106 105 136
137 107 106 137
138 108 137 138
139 109 138 139
140 110 139 140
141 111 140 141
142 112 141 142
143 113 142 143
144 114 143 144
145 115 144 145
146 116 145 146
147 117 146 147
148 118 147 148
149 119 148 149
150 120 149 150
151 121 150 151
152 122 151 152
62 122 152 62
153 123 3 153
154 124 123 154
155 125 124 155
156 126 125 156
157 127 126 157
158 128 127 158
159 129 128 159
160 130 129 160
161 131 130 161
162 132 131 162
163 133 132 163
164 134 133 164
165 135 134 165
166 136 135 166
167 137 136 167
168 138 167 168
169 139 168 169
170 140 169 170
171 141 170 171
172 142 171 172
173 143 172 173
174 144 173 174
175 145 174 175
176 146 175 176
177 147 176 177
178 148 177 178
179 149 178 179
180 150 179 180
181 151 180 181
182 152 181 182
62 152 182 62
183 153 3 183
184 154 153 184
185 155 154 185
186 156 155 186
187 157 156 187
188 158 157 188
189 159 158 189
190 160 159 190
191 161 160 191
192 162 161 192
193 163 162 193
194 164 163 194
195 165 164 195
196 166 165 196
197 167 166 197
198 168 197 198
199 169 198 199
200 170 199 200
201 171 200 201
202 172 201 202
203 173 202 203
204 174 203 204
205 175 204 205
206 176 205 206
207 177 206 207
208 178 207 208
209 179 208 209
210 180 209 210
211 181 210 211
212 182 211 212
62 182 212 62
213 183 3 213
214 184 183 214
215 185 184 215
216 186 185 216
217 187 186 217
218 188 187 218
219 189 188 219
220 190 189 220
221 191 190 221
222 192 191 222
223 193 192 223
224 194 193 224
225 195 194 225
226 196 195 226
227 197 196 227
228 198 227 228
229 199 228 229
230 200 229 230
231 201 230 231
232 202 231 232
233 203 232 233
234 204 233 234
235 205 234 235
236 206 235 236
237 207 236 237
238 208 237 238
239 209 238 239
240 210 239 240
241 211 240 241
242 212 241 242
62 212 242 62
243 213 3 243
244 214 213 244
245 215 214 245
246 216 215 246
247 217 216 247
248 218 217 248
249 219 218 249
250 220 219 250
251 221 220 251
252 222 221 252
253 223 222 253
254 224 223 254
255 225 224 255
256 226 225 256
257 227 226 257
258 228 257 258
259 229 258 259
260 230 259 260
261 231 260 261
262 232 261 262
263 233 262 263
264 234 263 264
265 235 264 265
266 236 265 266
267 237 266 267
268 238 267 268
269 239 268 269
270 240 269 270
271 241 270 271
272 242 271 272
62 242 272 62
273 243 3 273
274 244 243 274
275 245 244 275
276 246 245 276
277 247 246 277
278 248 247 278
279 249 248 279
280 250 249 280
281 251 250 281
282 252 251 282
283 253 252 283
284 254 253 284
285 255 254 285
286 256 255 286
287 257 256 287
288 258 287 288
289 259 288 289
290 260 289 290
291 261 290 291
292 262 291 292
293 263 292 293
294 264 293 294
295 265 294 295
296 266 295 296
297 267 296 297
298 268 297 298
299 269 298 299
300 270 299 300
301 271 300 301
302 272 301 302
62 272 302 62
303 273 3 303
304 274 273 304
305 275 274 305
306 276 275 306
307 277 276 307
308 278 277 308
309 279 278 309
310 280 279 310
311 281 280 311
312 282 281 312
313 283 282 313
314 284 283 314
315 285 284 315
316 286 285 316
317 287 286 317
318 288 317 318
319 289 318 319
320 290 319 320
321 291 320 321
322 292 321 322
323 293 322 323
324 294 323 324
325 295 324 325
326 296 325 326
327 297 326 327
328 298 327 328
329 299 328 329
330 300 329 330
331 301 330 331
332 302 331 332
62 302 332 62
333 303 3 333
334 304 303 334
335 305 304 335
336 306 305 336
337 307 306 337
338 308 307 338
339 309 308 339
340 310 309 340
341 311 310 341
342 312 311 342
343 313 312 343
344 314 313 344
345 315 314 345
346 316 315 346
347 317 316 347
348 318 347 348
349 319 348 349
350 320 349 350
351 321 350 351
352 322 351 352
353 323 352 353
354 324 353 354
355 325 354 355
356 326 355 356
357 327 356 357
358 328 357 358
359 329 358 359
360 330 359 360
361 331 360 361
362 332 361 362
62 332 362 62
363 333 3 363
364 334 333 364
365 335 334 365
366 336 335 366
367 337 336 367
368 338 337 368
369 339 338 369
370 340 339 370
371 341 340 371
372 342 341 372
373 343 342 373
374 344 343 374
375 345 344 375
376 346 345 376
377 347 346 377
378 348 377 378
379 349 378 379
380 350 379 380
381 351 380 381
382 352 381 382
383 353 382 383
384 354 383 384
385 355 384 385
386 356 385 386
387 357 386 387
388 358 387 388
389 359 388 389
390 360 389 390
391 361 390 391
392 362 391 392
62 362 392 62
393 363 3 393
394 364 393 394
395 365 394 395
396 366 395 396
397 367 396 397
398 368 397 398
399 369 398 399
400 370 399 400
401 371 400 401
402 372 401 402
403 373 402 403
404 374 403 404
405 375 404 405
406 376 405 406
407 377 406 407
408 378 377 408
409 379 378 409
410 380 379 410
411 381 380 411
412 382 381 412
413 383 382 413
414 384 383 414
415 385 384 415
416 386 385 416
417 387 386 417
418 388 387 418
419 389 388 419
420 390 389 420
421 391 390 421
422 392 391 422
62 392 422 62
423 393 3 423
424 394 423 424
425 395 424 425
426 396 425 426
427 397 426 427
428 398 427 428
429 399 428 429
430 400 429 430
431 401 430 431
432 402 431 432
433 403 432 433
434 404 433 434
435 405 434 435
436 406 435 436
437 407 436 437
438 408 407 438
439 409 408 439
440 410 409 440
441 411 410 441
442 412 411 442
443 413 412 443
444 414 413 444
445 415 414 445
446 416 415 446
447 417 416 447
448 418 417 448
449 419 418 449
450 420 419 450
451 421 420 451
452 422 421 452
62 422 452 62
453 423 3 453
454 424 453 454
455 425 454 455
456 426 455 456
457 427 456 457
458 428 457 458
459 429 458 459
460 430 459 460
461 431 460 461
462 432 461 462
463 433 462 463
464 434 463 464
465 435 464 465
466 436 465 466
467 437 466 467
468 438 437 468
469 439 438 469
470 440 439 470
471 441 440 471
472 442 441 472
473 443 442 473
474 444 443 474
475 445 444 475
476 446 445 476
477 447 446 477
478 448 447 478
479 449 448 479
480 450 449 480
481 451 450 481
482 452 451 482
62 452 482 62
483 453 3 483
484 454 483 484
485 455 484 485
486 456 485 486
487 457 486 487
488 458 487 488
489 459 488 489
490 460 489 490
491 461 490 491
492 462 491 492
493 463 492 493
494 464 493 494
495 465 494 495
496 466 495 496
497 467 496 497
498 468 467 498
499 469 468 499
500 470 469 500
501 471 470 501
502 472 471 502
503 473 472 503
504 474 473 504
505 475 474 505
506 476 475 506
507 477 476 507
508 478 477 508
509 479 478 509
510 480 479 510
511 481 480 511
512 482 481 512
62 482 512 62
513 483 3 513
514 484 513 514
515 485 514 515
516 486 515 516
517 487 516 517
518 488 517 518
519 489 518 519
520 490 519 520
521 491 520 521
522 492 521 522
523 493 522 523
524 494 523 524
525 495 524 525
526 496 525 526
527 497 526 527
528 498 497 528
529 499 498 529
530 500 499 530
531 501 500 531
532 502 501 532
533 503 502 533
534 504 503 534
535 505 504 535
536 506 505 536
537 507 506 537
538 508 507 538
539 509 508 539
540 510 509 540
541 511 510 541
542 512 511 542
62 512 542 62
543 513 3 543
544 514 543 544
545 515 544 545
546 516 545 546
547 517 546 547
548 518 547 548
549 519 548 549
550 520 549 550
551 521 550 551
552 522 551 552
553 523 552 553
554 524 553 554
555 525 554 555
556 526 555 556
557 527 556 557
558 528 527 558
559 529 528 559
560 530 529 560
561 531 530 561
562 532 531 562
563 533 532 563
564 534 533 564
565 535 534 565
566 536 535 566
567 537 536 567
568 538 537 568
569 539 538 569
570 540 539 570
571 541 540 571
572 542 541 572
62 542 572 62
573 543 3 573
574 544 573 574
575 545 574 575
576 546 575 576
577 547 576 577
578 548 577 578
579 549 578 579
580 550 579 580
581 551 580 581
582 552 581 582
583 553 582 583
584 554 583 584
585 555 584 585
586 556 585 586
587 557 586 587
588 558 557 588
589 559 558 589
590 560 559 590
591 561 560 591
592 562 561 592
593 563 562 593
594 564 563 594
595 565 564 595
596 566 565 596
597 567 566 597
598 568 567 598
599 569 568 599
600 570 569 600
601 571 570 601
602 572 571 602
62 572 602 62
603 573 3 603
604 574 603 604
605 575 604 605
606 576 605 606
607 577 606 607
608 578 607 608
609 579 608 609
610 580 609 610
611 581 610 611
612 582 611 612
613 583 612 613
614 584 613 614
615 585 614 615
616 586 615 616
617 587 616 617
618 588 587 618
619 589 588 619
620 590 589 620
621 591 590 621
622 592 591 622
623 593 592 623
624 594 593 624
625 595 594 625
626 596 595 626
627 597 596 627
628 598 597 628
629 599 598 629
630 600 599 630
631 601 600 631
632 602 601 632
62 602 632 62
633 603 3 633
634 604 633 634
635 605 634 635
636 606 635 636
637 607 636 637
638 608 637 638
639 609 638 639
640 610 639 640
641 611 640 641
642 612 641 642
643 613 642 643
644 614 643 644
645 615 644 645
646 616 645 646
647 617 646 647
648 618 617 648
649 619 618 649
650 620 619 650
651 621 620 651
652 622 621 652
653 623 622 653
654 624 623 654
655 625 624 655
656 626 625 656
657 627 626 657
658 628 627 658
659 629 628 659
660 630 629 660
661 631 630 661
662 632 631 662
62 632 662 62
663 633 3 663
664 634 663 664
665 635 664 665
666 636 665 666
667 637 666 667
668 638 667 668
669 639 668 669
670 640 669 670
671 641 670 671
672 642 671 672
673 643 672 673
674 644 673 674
675 645 674 675
676 646 675 676
677 647 676 677
678 648 647 678
679 649 648 679
680 650 649 680
681 651 650 681
682 652 651 682
683 653 652 683
684 654 653 684
685 655 654 685
686 656 655 686
687 657 656 687
688 658 657 688
689 659 658 689
690 660 659 690
691 661 660 691
692 662 661 692
62 662 692 62
693 663 3 693
694 664 693 694
695 665 694 695
696 666 695 696
697 667 696 697
698 668 697 698
699 669 698 699
700 670 699 700
701 671 700 701
702 672 701 702
703 673 702 703
704 674 703 704
705 675 704 705
706 676 705 706
707 677 706 707
708 678 677 708
709 679 678 709
710 680 679 710
711 681 680 711
712 682 681 712
713 683 682 713
714 684 683 714
715 685 684 715
716 686 685 716
717 687 686 717
718 688 687 718
719 689 688 719
720 690 689 720
721 691 690 721
722 692 691 722
62 692 722 62
723 693 3 723
724 694 723 724
725 695 724 725
726 696 725 726
727 697 726 727
728 698 727 728
729 699 728 729
730 700 729 730
731 701 730 731
732 702 731 732
733 703 732 733
734 704 733 734
735 705 734 735
736 706 735 736
737 707 736 737
738 708 707 738
739 709 708 739
740 710 709 740
741 711 710 741
742 712 711 742
743 713 712 743
744 714 713 744
745 715 714 745
746 716 715 746
747 717 716 747
748 718 717 748
749 719 718 749
750 720 719 750
751 721 720 751
752 722 721 752
62 722 752 62
4 2 1 4
6 5 4 6
8 7 6 8
10 9 8 10
12 11 10 12
14 13 12 14
16 15 14 16
18 17 16 18
20 19 18 20
22 21 20 22
24 23 22 24
26 25 24 26
28 27 26 28
30 29 28 30
33 31 30 33
35 33 32 35
37 35 34 37
39 37 36 39
41 39 38 41
43 41 40 43
45 43 42 45
47 45 44 47
49 47 46 49
51 49 48 51
53 51 50 53
55 53 52 55
57 55 54 57
59 57 56 59
61 59 58 61
64 1 63 64
65 4 64 65
66 6 65 66
67 8 66 67
68 10 67 68
69 12 68 69
70 14 69 70
71 16 70 71
72 18 71 72
73 20 72 73
74 22 73 74
75 24 74 75
76 26 75 76
77 28 76 77
32 30 77 32
34 32 78 34
36 34 79 36
38 36 80 38
40 38 81 40
42 40 82 42
44 42 83 44
46 44 84 46
48 46 85 48
50 48 86 50
52 50 87 52
54 52 88 54
56 54 89 56
58 56 90 58
60 58 91 60
94 63 93 94
95 64 94 95
96 65 95 96
97 66 96 97
98 67 97 98
99 68 98 99
100 69 99 100
101 70 100 101
102 71 101 102
103 72 102 103
104 73 103 104
105 74 104 105
106 75 105 106
107 76 106 107
78 77 107 78
79 78 108 79
80 79 109 80
81 80 110 81
82 81 111 82
83 82 112 83
84 83 113 84
85 84 114 85
86 85 115 86
87 86 116 87
88 87 117 88
89 88 118 89
90 89 119 90
91 90 120 91
92 91 121 92
124 93 123 124
125 94 124 125
126 95 125 126
127 96 126 127
128 97 127 128
129 98 128 129
130 99 129 130
131 100 130 131
132 101 131 132
133 102 132 133
134 103 133 134
135 104 134 135
136 105 135 136
137 106 136 137
108 107 137 108
109 108 138 109
110 109 139 110
111 110 140 111
112 111 141 112
113 112 142 113
114 113 143 114
115 114 144 115
116 115 145 116
117 116 146 117
118 117 147 118
119 118 148 119
120 119 149 120
121 120 150 121
122 121 151 122
154 123 153 154
155 124 154 155
156 125 155 156
157 126 156 157
158 127 157 158
159 128 158 159
160 129 159 160
161 130 160 161
162 131 161 162
163 132 162 163
164 133 163 164
165 134 164 165
166 135 165 166
167 136 166 167
138 137 167 138
139 138 168 139
140 139 169 140
141 140 170 141
142 141 171 142
143 142 172 143
144 143 173 144
145 144 174 145
146 145 175 146
147 146 176 147
148 147 177 148
149 148 178 149
150 149 179 150
151 150 180 151
152 151 181 152
184 153 183 184
185 154 184 185
186 155 185 186
187 156 186 187
188 157 187 188
189 158 188 189
190 159 189 190
191 160 190 191
192 161 191 192
193 162 192 193
194 163 193 194
195 164 194 195
196 165 195 196
197 166 196 197
168 167 197 168
169 168 198 169
170 169 199 170
171 170 200 171
172 171 201 172
173 172 202 173
174 173 203 174
175 174 204 175
176 175 205 176
177 176 206 177
178 177 207 178
179 178 208 179
180 179 209 180
181 180 210 181
182 181 211 182
214 183 213 214
215 184 214 215
216 185 215 216
217 186 216 217
218 187 217 218
219 188 218 219
220 189 219 220
221 190 220 221
222 191 221 222
223 192 222 223
224 193 223 224
225 194 224 225
226 195 225 226
227 196 226 227
198 197 227 198
199 198 228 199
200 199 229 200
201 200 230 201
202 201 231 202
203 202 232 203
204 203 233 204
205 204 234 205
206 205 235 206
207 206 236 207
208 207 237 208
209 208 238 209
210 209 239 210
211 210 240 211
212 211 241 212
244 213 243 244
245 214 244 245
246 215 245 246
247 216 246 247
248 217 247 248
249 218 248 249
250 219 249 250
251 220 250 251
252 221 251 252
253 222 252 253
254 223 253 254
255 224 254 255
256 225 255 256
257 226 256 257
228 227 257 228
229 228 258 229
230 229 259 230
231 230 260 231
232 231 261 232
233 232 262 233
234 233 263 234
235 234 264 235
236 235 265 236
237 236 266 237
238 237 267 238
239 238 268 239
240 239 269 240
241 240 270 241
242 241 271 242
274 243 273 274
275 244 274 275
276 245 275 276
277 246 276 277
278 247 277 278
279 248 278 279
280 249 279 280
281 250 280 281
282 251 281 282
283 252 282 283
284 253 283 284
285 254 284 285
286 255 285 286
287 256 286 287
258 257 287 258
259 258 288 259
260 259 289 260
261 260 290 261
262 261 291 262
263 262 292 263
264 263 293 264
265 264 294 265
266 265 295 266
267 266 296 267
268 267 297 268
269 268 298 269
270 269 299 270
271 270 300 271
272 271 301 272
304 273 303 304
305 274 304 305
306 275 305 306
307 276 306 307
308 277 307 308
309 278 308 309
310 279 309 310
311 280 310 311
312 281 311 312
313 282 312 313
314 283 313 314
315 284 314 315
316 285 315 316
317 286 316 317
288 287 317 288
289 288 318 289
290 289 319 290
291 290 320 291
292 291 321 292
293 292 322 293
294 293 323 294
295 294 324 295
296 295 325 296
297 296 326 297
298 297 327 298
299 298 328 299
300 299 329 300
301 300 330 301
302 301 331 302
334 303 333 334
335 304 334 335
336 305 335 336
337 306 336 337
338 307 337 338
339 308 338 339
340 309 339 340
341 310 340 341
342 311 341 342
343 312 342 343
344 313 343 344
345 314 344 345
346 315 345 346
347 316 346 347
318 317 347 318
319 318 348 319
320 319 349 320
321 320 350 321
322 321 351 322
323 322 352 323
324 323 353 324
325 324 354 325
326 325 355 326
327 326 356 327
328 327 357 328
329 328 358 329
330 329 359 330
331 330 360 331
332 331 361 332
364 333 363 364
365 334 364 365
366 335 365 366
367 336 366 367
368 337 367 368
369 338 368 369
370 339 369 370
371 340 370 371
372 341 371 372
373 342 372 373
374 343 373 374
375 344 374 375
376 345 375 376
377 346 376 377
348 347 377 348
349 348 378 349
350 349 379 350
351 350 380 351
352 351 381 352
353 352 382 353
354 353 383 354
355 354 384 355
356 355 385 356
357 356 386 357
358 357 387 358
359 358 388 359
360 359 389 360
361 360 390 361
362 361 391 362
364 363 393 364
365 364 394 365
366 365 395 366
367 366 396 367
368 367 397 368
369 368 398 369
370 369 399 370
371 370 400 371
372 371 401 372
373 372 402 373
374 373 403 374
375 374 404 375
376 375 405 376
377 376 406 377
408 377 407 408
409 378 408 409
410 379 409 410
411 380 410 411
412 381 411 412
413 382 412 413
414 383 413 414
415 384 414 415
416 385 415 416
417 386 416 417
418 387 417 418
419 388 418 419
420 389 419 420
421 390 420 421
422 391 421 422
394 393 423 394
395 394 424 395
396 395 425 396
397 396 426 397
398 397 427 398
399 398 428 399
400 399 429 400
401 400 430 401
402 401 431 402
403 402 432 403
404 403 433 404
405 404 434 405
406 405 435 406
407 406 436 407
438 407 437 438
439 408 438 439
440 409 439 440
441 410 440 441
442 411 441 442
443 412 442 443
444 413 443 444
445 414 444 445
446 415 445 446
447 416 446 447
448 417 447 448
449 418 448 449
450 419 449 450
451 420 450 451
452 421 451 452
424 423 453 424
425 424 454 425
426 425 455 426
427 426 456 427
428 427 457 428
429 428 458 429
430 429 459 430
431 430 460 431
432 431 461 432
433 432 462 433
434 433 463 434
435 434 464 435
436 435 465 436
437 436 466 437
468 437 467 468
469 438 468 469
470 439 469 470
471 440 470 471
472 441 471 472
473 442 472 473
474 443 473 474
475 444 474 475
476 445 475 476
477 446 476 477
478 447 477 478
479 448 478 479
480 449 479 480
481 450 480 481
482 451 481 482
454 453 483 454
455 454 484 455
456 455 485 456
457 456 486 457
458 457 487 458
459 458 488 459
460 459 489 460
461 460 490 461
462 461 491 462
463 462 492 463
464 463 493 464
465 464 494 465
466 465 495 466
467 466 496 467
498 467 497 498
499 468 498 499
500 469 499 500
501 470 500 501
502 471 501 502
503 472 502 503
504 473 503 504
505 474 504 505
506 475 505 506
507 476 506 507
508 477 507 508
509 478 508 509
510 479 509 510
511 480 510 511
512 481 511 512
484 483 513 484
485 484 514 485
486 485 515 486
487 486 516 487
488 487 517 488
489 488 518 489
490 489 519 490
491 490 520 491
492 491 521 492
493 492 522 493
494 493 523 494
495 494 524 495
496 495 525 496
497 496 526 497
528 497 527 528
529 498 528 529
530 499 529 530
531 500 530 531
532 501 531 532
533 502 532 533
534 503 533 534
535 504 534 535
536 505 535 536
537 506 536 537
538 507 537 538
539 508 538 539
540 509 539 540
541 510 540 541
542 511 541 542
514 513 543 514
515 514 544 515
516 515 545 516
517 516 546 517
518 517 547 518
519 518 548 519
520 519 549 520
521 520 550 521
522 521 551 522
523 522 552 523
524 523 553 524
525 524 554 525
526 525 555 526
527 526 556 527
558 527 557 558
559 528 558 559
560 529 559 560
561 530 560 561
562 531 561 562
563 532 562 563
564 533 563 564
565 534 564 565
566 535 565 566
567 536 566 567
568 537 567 568
569 538 568 569
570 539 569 570
571 540 570 571
572 541 571 572
544 543 573 544
545 544 574 545
546 545 575 546
547 546 576 547
548 547 577 548
549 548 578 549
550 549 579 550
551 550 580 551
552 551 581 552
553 552 582 553
554 553 583 554
555 554 584 555
556 555 585 556
557 556 586 557
588 557 587 588
589 558 588 589
590 559 589 590
591 560 590 591
592 561 591 592
593 562 592 593
594 563 593 594
595 564 594 595
596 565 595 596
597 566 596 597
598 567 597 598
599 568 598 599
600 569 599 600
601 570 600 601
602 571 601 602
574 573 603 574
575 574 604 575
576 575 605 576
577 576 606 577
578 577 607 578
579 578 608 579
580 579 609 580
581 580 610 581
582 581 611 582
583 582 612 583
584 583 613 584
585 584 614 585
586 585 615 586
587 586 616 587
618 587 617 618
619 588 618 619
620 589 619 620
621 590 620 621
622 591 621 622
623 592 622 623
624 593 623 624
625 594 624 625
626 595 625 626
627 596 626 627
628 597 627 628
629 598 628 629
630 599 629 630
631 600 630 631
632 601 631 632
604 603 633 604
605 604 634 605
606 605 635 606
607 606 636 607
608 607 637 608
609 608 638 609
610 609 639 610
611 610 640 611
612 611 641 612
613 612 642 613
614 613 643 614
615 614 644 615
616 615 645 616
617 616 646 617
648 617 647 648
649 618 648 649
650 619 649 650
651 620 650 651
652 621 651 652
653 622 652 653
654 623 653 654
655 624 654 655
656 625 655 656
657 626 656 657
658 627 657 658
659 628 658 659
660 629 659 660
661 630 660 661
662 631 661 662
634 633 663 634
635 634 664 635
636 635 665 636
637 636 666 637
638 637 667 638
639 638 668 639
640 639 669 640
641 640 670 641
642 641 671 642
643 642 672 643
644 643 673 644
645 644 674 645
646 645 675 646
647 646 676 647
678 647 677 678
679 648 678 679
680 649 679 680
681 650 680 681
682 651 681 682
683 652 682 683
684 653 683 684
685 654 684 685
686 655 685 686
687 656 686 687
688 657 687 688
689 658 688 689
690 659 689 690
691 660 690 691
692 661 691 692
664 663 693 664
665 664 694 665
666 665 695 666
667 666 696 667
668 667 697 668
669 668 698 669
670 669 699 670
671 670 700 671
672 671 701 672
673 672 702 673
674 673 703 674
675 674 704 675
676 675 705 676
677 676 706 677
708 677 707 708
709 678 708 709
710 679 709 710
711 680 710 711
712 681 711 712
713 682 712 713
714 683 713 714
715 684 714 715
716 685 715 716
717 686 716 717
718 687 717 718
719 688 718 719
720 689 719 720
721 690 720 721
722 691 721 722
694 693 723 694
695 694 724 695
696 695 725 696
697 696 726 697
698 697 727 698
699 698 728 699
700 699 729 700
701 700 730 701
702 701 731 702
703 702 732 703
704 703 733 704
705 704 734 705
706 705 735 706
707 706 736 707
738 707 737 738
739 708 738 739
740 709 739 740
741 710 740 741
742 711 741 742
743 712 742 743
744 713 743 744
745 714 744 745
746 715 745 746
747 716 746 747
748 717 747 748
749 718 748 749
750 719 749 750
751 720 750 751
752 721 751 752
0 0 0 0
