Nb de frequency :    35
 0.0628
  0.125548E+01  0.882963E-03 -0.794178E-03  0.317000E-01  0.235793E+02  0.337790E-03
 -0.274809E-02  0.125874E+01 -0.244204E-02 -0.235106E+02 -0.252723E+00 -0.231461E-02
  0.189768E-03 -0.515926E-04  0.232571E+02  0.285853E-02  0.376713E-02 -0.258886E+00
 -0.172524E+00 -0.235810E+02  0.628500E-02  0.430720E+03 -0.188703E+01  0.285707E-03
  0.236250E+02 -0.109021E+00 -0.645167E-02  0.194544E+01  0.431385E+03 -0.172091E-02
 -0.131253E-04 -0.515330E-05 -0.195430E+00 -0.508028E-04 -0.368796E-03  0.227660E-02
 0.1810
  0.302843E+03 -0.152209E+00 -0.409490E-02 -0.627705E+01  0.667400E+04 -0.109449E-02
  0.145640E+00  0.302853E+03 -0.118825E-02 -0.667388E+04 -0.605545E+01  0.109533E-01
 -0.141303E-02  0.118587E-02  0.493307E+02  0.140476E-01  0.155156E-01 -0.113318E+02
 -0.284013E+02 -0.669189E+04 -0.903562E-03  0.147507E+06 -0.453103E+03  0.338737E-02
  0.669171E+04 -0.271405E+02 -0.573413E-01  0.400523E+03  0.147498E+06  0.570180E-02
 -0.138031E-03 -0.576605E-04 -0.790615E+01  0.197105E-02 -0.107771E-02  0.182534E+01
 0.2992
  0.522984E+04 -0.398063E+01  0.104372E-01 -0.353913E+02  0.149983E+06  0.333044E-03
  0.366185E+01  0.522987E+04 -0.378390E-02 -0.149983E+06 -0.411515E+02 -0.110145E-01
  0.284627E-02  0.228298E-03  0.115475E+03  0.474477E-01  0.549013E-01  0.500326E+02
 -0.557423E+03 -0.150217E+06  0.114277E+00  0.430809E+07 -0.118062E+05  0.150561E+00
  0.150217E+06 -0.549842E+03  0.164498E+00  0.115183E+05  0.430810E+07  0.205464E+00
  0.110096E-03  0.196479E-02  0.718552E+02  0.286007E-01 -0.106839E-01  0.312026E+02
 0.4174
  0.225481E+05 -0.267612E+02  0.281603E-01  0.410780E+03  0.852223E+06  0.961002E-02
  0.262388E+02  0.225481E+05 -0.646111E-03 -0.852222E+06  0.399754E+03  0.803602E-02
 -0.109417E-02  0.256151E-02  0.159782E+04  0.703645E-01 -0.449691E-01  0.428172E+03
 -0.301222E+04 -0.852878E+06 -0.271661E+00  0.322419E+08 -0.914359E+05  0.457518E+00
  0.852880E+06 -0.299556E+04  0.634357E+00  0.904940E+05  0.322420E+08  0.240729E+00
 -0.194072E-04  0.209968E-02  0.482352E+03  0.761210E-01 -0.192870E-01  0.129306E+03
 0.5356
  0.508073E+05 -0.941838E+02  0.380291E-01  0.324581E+04  0.242223E+07  0.115304E-01
  0.937176E+02  0.508073E+05  0.100530E-02 -0.242223E+07  0.323343E+04  0.120752E-03
 -0.234013E-02 -0.102007E-01  0.383234E+04 -0.195065E+00 -0.116388E-01  0.983987E+03
 -0.914000E+04 -0.242332E+07 -0.840221E-01  0.115631E+09 -0.376930E+06  0.695946E-01
  0.242332E+07 -0.912646E+04  0.135275E+01  0.375790E+06  0.115631E+09  0.877930E+00
  0.614787E-03  0.196604E-02  0.107647E+04  0.720887E-02 -0.225584E-02  0.272492E+03
 0.6539
  0.840051E+05 -0.239789E+03  0.178497E-01  0.116196E+05  0.473298E+07  0.107029E-01
  0.239570E+03  0.840051E+05  0.178606E-01 -0.473298E+07  0.116126E+05  0.576998E-02
 -0.547493E-03  0.773256E-02  0.511683E+04 -0.960994E-01  0.320305E+00  0.141656E+04
 -0.213097E+05 -0.473435E+07 -0.772101E+00  0.267188E+09 -0.109493E+07 -0.271689E+00
  0.473435E+07 -0.213027E+05  0.293015E+00  0.109421E+07  0.267188E+09  0.520605E-01
  0.864577E-03 -0.247568E-02  0.153994E+04 -0.698746E-01  0.713362E-01  0.429932E+03
 0.7721
  0.119894E+06 -0.502980E+03  0.211462E-01  0.291798E+05  0.754505E+07  0.450692E-02
  0.502876E+03  0.119894E+06  0.208567E-01 -0.754506E+07  0.291757E+05  0.365198E-02
  0.442666E-02  0.188383E-02  0.513821E+04  0.147237E+00  0.135244E+00  0.162745E+04
 -0.427993E+05 -0.754730E+07 -0.132612E+01  0.475867E+09 -0.253919E+07 -0.805035E+00
  0.754730E+07 -0.428000E+05  0.593701E+00  0.253914E+07  0.475866E+09  0.188164E+00
 -0.145641E-02  0.794196E-03  0.176953E+04  0.147443E+00  0.187551E-01  0.565322E+03
 0.8903
  0.158242E+06 -0.932398E+03  0.241012E-02  0.601742E+05  0.107167E+08 -0.189336E-02
  0.932366E+03  0.158242E+06  0.532627E-01 -0.107167E+08  0.601752E+05  0.183173E-01
 -0.296485E-02 -0.530225E-03  0.431149E+04  0.486955E+00 -0.796603E-01  0.163908E+04
 -0.778553E+05 -0.107209E+08 -0.399445E+01  0.727215E+09 -0.507322E+07 -0.167098E+01
  0.107209E+08 -0.778548E+05  0.844378E-01  0.507314E+07  0.727215E+09  0.160842E-01
  0.173926E-02  0.324174E-02  0.178441E+04 -0.349804E+00  0.123729E+00  0.662048E+03
 1.0085
  0.198569E+06 -0.156663E+04  0.300047E-02  0.108214E+06  0.141497E+08 -0.642466E-03
  0.156658E+04  0.198569E+06  0.256411E-01 -0.141497E+08  0.108211E+06  0.147085E-01
 -0.968507E-03  0.305604E-03  0.313646E+04 -0.446017E+00 -0.137511E+00  0.149770E+04
 -0.130049E+06 -0.141573E+08 -0.233967E+01  0.100999E+10 -0.902595E+07 -0.110612E+01
  0.141573E+08 -0.130051E+06  0.317390E+00  0.902609E+07  0.100999E+10  0.172104E+00
 -0.226931E-02 -0.269561E-02  0.163599E+04  0.154153E+00 -0.797735E-01  0.780106E+03
 1.1267
  0.239072E+06 -0.237919E+04 -0.668082E-02  0.172070E+06  0.176721E+08 -0.313327E-02
  0.237917E+04  0.239072E+06  0.170206E-01 -0.176721E+08  0.172068E+06  0.182202E-01
 -0.492126E-03 -0.372506E-02  0.201071E+04  0.478664E+00 -0.103634E+00  0.126975E+04
 -0.198001E+06 -0.176846E+08 -0.143388E+01  0.130829E+10 -0.143577E+08 -0.866365E+00
  0.176846E+08 -0.198003E+06 -0.327526E+00  0.143578E+08  0.130829E+10  0.228312E-01
  0.204211E-02  0.770558E-03  0.138911E+04 -0.142686E+00  0.211808E+00  0.854972E+03
 1.2449
  0.275776E+06 -0.320927E+04 -0.227271E-02  0.239609E+06  0.209408E+08 -0.277341E-02
  0.320924E+04  0.275776E+06 -0.196479E-02 -0.209408E+08  0.239608E+06 -0.946829E-04
 -0.141045E-02 -0.871439E-03  0.114926E+04  0.541764E-01 -0.344206E-01  0.100659E+04
 -0.269027E+06 -0.209585E+08  0.141906E-01  0.159235E+10 -0.201206E+08 -0.643582E+00
  0.209585E+08 -0.269026E+06 -0.267806E+00  0.201206E+08  0.159235E+10 -0.122790E+00
  0.293250E-03  0.232285E-02  0.110101E+04 -0.106928E+00 -0.757558E-01  0.960894E+03
 1.3631
  0.302793E+06 -0.376405E+04 -0.166293E-02  0.287213E+06  0.234522E+08 -0.167438E-02
  0.376406E+04  0.302793E+06 -0.144174E-02 -0.234522E+08  0.287212E+06  0.120963E-02
 -0.959386E-03  0.179105E-02  0.590481E+03 -0.975506E-02 -0.648951E-02  0.753764E+03
 -0.318684E+06 -0.234731E+08  0.104321E+00  0.181880E+10 -0.243512E+08  0.222765E+00
  0.234731E+08 -0.318684E+06 -0.546182E-01  0.243511E+08  0.181880E+10 -0.539128E-01
 -0.286386E-02 -0.135734E-02  0.825222E+03  0.295813E+00 -0.183703E+00  0.106117E+04
 1.4813
  0.314967E+06 -0.375671E+04  0.133111E-02  0.290883E+06  0.247546E+08 -0.342443E-02
  0.375670E+04  0.314967E+06 -0.363828E-02 -0.247546E+08  0.290881E+06 -0.115497E-01
 -0.918266E-05 -0.100206E-02  0.274412E+03  0.325942E-01  0.131552E-01  0.530163E+03
 -0.322520E+06 -0.247762E+08  0.230748E+00  0.194785E+10 -0.250072E+08  0.613142E+00
  0.247762E+08 -0.322520E+06  0.270094E-02  0.250072E+08  0.194785E+10 -0.528017E-01
  0.172775E-02 -0.572874E-02  0.572501E+03  0.544992E+00  0.176850E+00  0.116699E+04
 1.5996
  0.310762E+06 -0.316065E+04  0.643193E-03  0.246818E+06  0.246900E+08  0.198919E-02
  0.316065E+04  0.310762E+06 -0.852808E-03 -0.246900E+08  0.246817E+06 -0.605833E-02
  0.164749E-03  0.754527E-03  0.114483E+03 -0.764374E-01  0.744421E-02  0.354832E+03
 -0.276672E+06 -0.247094E+08  0.439956E-01  0.196360E+10 -0.216422E+08 -0.105976E+00
  0.247094E+08 -0.276671E+06  0.397996E-01  0.216421E+08  0.196360E+10  0.364742E+00
  0.637334E-02 -0.248706E-02  0.379598E+03  0.170655E+00  0.455439E+00  0.124615E+04
 1.7178
  0.292861E+06 -0.220084E+04 -0.575375E-03  0.172480E+06  0.234596E+08 -0.222794E-03
  0.220082E+04  0.292861E+06 -0.852087E-03 -0.234596E+08  0.172479E+06 -0.505053E-02
 -0.379855E-03  0.143700E-03  0.398009E+02 -0.223416E-01 -0.445587E-01  0.229263E+03
 -0.198806E+06 -0.234722E+08  0.161680E+00  0.188056E+10 -0.156215E+08  0.657425E+00
  0.234722E+08 -0.198808E+06 -0.667060E-01  0.156217E+08  0.188056E+10 -0.261691E+00
  0.648723E-03 -0.977445E-02  0.226668E+03  0.696636E+00  0.399456E-01  0.129688E+04
 1.8360
  0.266921E+06 -0.121974E+04 -0.237594E-03  0.949693E+05  0.215152E+08 -0.826436E-03
  0.121973E+04  0.266921E+06 -0.783282E-04 -0.215152E+08  0.949695E+05  0.340992E-03
 -0.228933E-03  0.828132E-04  0.863174E+01  0.256685E-02 -0.154361E-01  0.136705E+03
 -0.117331E+06 -0.215205E+08 -0.310018E-01  0.173489E+10 -0.918888E+07 -0.246978E+00
  0.215205E+08 -0.117331E+06 -0.103133E-01  0.918892E+07  0.173489E+10 -0.591672E-01
 -0.545238E-02 -0.238498E-02  0.113211E+03  0.275525E+00 -0.455184E+00  0.142728E+04
 1.9542
  0.237179E+06 -0.386701E+03  0.111466E-03  0.286937E+05  0.192133E+08  0.262403E-02
  0.386735E+03  0.237179E+06  0.788461E-04 -0.192133E+08  0.286956E+05  0.326513E-02
 -0.428642E-04 -0.376736E-03 -0.242117E+01  0.326084E-01 -0.326513E-02  0.763538E+02
 -0.468471E+05 -0.192108E+08  0.675943E-02  0.155639E+10 -0.358244E+07 -0.243081E+00
  0.192108E+08 -0.468450E+05 -0.941078E-02  0.358224E+07  0.155639E+10 -0.195610E+00
 -0.248985E-02  0.607786E-03  0.343311E+02 -0.553432E-01 -0.190719E+00  0.143354E+04
 2.0724
  0.207496E+06  0.183949E+03 -0.197348E-03 -0.169859E+05  0.168778E+08 -0.180247E-02
 -0.183934E+03  0.207496E+06 -0.487093E-03 -0.168778E+08 -0.169853E+05  0.115273E-02
  0.319929E-04 -0.529844E-04 -0.488075E+01  0.582938E-02  0.190920E-02  0.403777E+02
  0.262829E+04 -0.168667E+08  0.341549E-01  0.137204E+10  0.377842E+06 -0.131802E+00
  0.168667E+08  0.262947E+04 -0.145064E-01 -0.377922E+06  0.137204E+10 -0.214526E+00
 -0.476706E-02 -0.102773E-02 -0.226073E+02 -0.657744E-02 -0.294720E+00  0.149673E+04
 2.1906
  0.179270E+06  0.575677E+03 -0.184755E-03 -0.482399E+05  0.146334E+08 -0.384400E-03
 -0.575655E+03  0.179270E+06 -0.449332E-03 -0.146334E+08 -0.482383E+05 -0.132869E-02
 -0.322509E-04 -0.811945E-04 -0.389082E+01  0.700172E-02 -0.334470E-02  0.168251E+02
  0.373235E+05 -0.146154E+08  0.328695E-01  0.119308E+10  0.314822E+07  0.173147E-01
  0.146154E+08  0.373247E+05 -0.893090E-02 -0.314836E+07  0.119308E+10 -0.534817E-02
 -0.233983E-03  0.626217E-02 -0.703702E+02 -0.535553E+00  0.212590E-01  0.149450E+04
 2.3088
  0.153921E+06  0.756411E+03 -0.181445E-03 -0.625811E+05  0.126036E+08  0.827901E-03
 -0.756430E+03  0.153921E+06 -0.640838E-03 -0.126036E+08 -0.625824E+05 -0.114497E-03
 -0.496710E-04 -0.402098E-06 -0.173319E+01  0.246609E-03 -0.400409E-02  0.564195E+01
  0.545396E+05 -0.125785E+08  0.489210E-01  0.103001E+10  0.451841E+07 -0.679936E-02
  0.125785E+08  0.545376E+05 -0.905779E-02 -0.451831E+07  0.103001E+10  0.620045E-01
 -0.444997E-02  0.418685E-02 -0.114496E+03 -0.389854E+00 -0.382173E+00  0.151578E+04
 2.4270
  0.130961E+06  0.866938E+03 -0.719719E-04 -0.711522E+05  0.107563E+08  0.481437E-03
 -0.866942E+03  0.130961E+06 -0.362793E-03 -0.107563E+08 -0.711529E+05  0.701324E-03
 -0.313963E-05  0.110588E-05 -0.553770E-01 -0.105531E-03 -0.319560E-03 -0.208391E+01
  0.655538E+05 -0.107251E+08  0.284592E-01  0.880908E+09  0.537993E+07 -0.167984E+00
  0.107251E+08  0.655532E+05 -0.713823E-02 -0.537986E+07  0.880907E+09 -0.308120E-01
 -0.146514E-02 -0.213782E-02 -0.167732E+03  0.257680E+00 -0.101620E+00  0.152399E+04
 2.5452
  0.111204E+06  0.891341E+03 -0.941541E-04 -0.727205E+05  0.915997E+07  0.330118E-03
 -0.891338E+03  0.111204E+06 -0.844525E-04 -0.915997E+07 -0.727204E+05  0.172462E-02
 -0.218176E-04  0.187965E-04  0.133343E+01 -0.169732E-02 -0.184296E-02 -0.556606E+01
  0.692035E+05 -0.912290E+07  0.531780E-02  0.751466E+09  0.564305E+07  0.187196E-01
  0.912290E+07  0.692033E+05 -0.958934E-02 -0.564305E+07  0.751466E+09 -0.124280E-02
 -0.313733E-02  0.548851E-02 -0.272291E+03 -0.429716E+00 -0.247161E+00  0.156224E+04
 2.6635
  0.937373E+05  0.889744E+03  0.235068E-04 -0.722340E+05  0.774422E+07 -0.802663E-03
 -0.889761E+03  0.937373E+05  0.404055E-04 -0.774422E+07 -0.722353E+05  0.757894E-03
 -0.212036E-04  0.273244E-04  0.257449E+01 -0.225804E-02 -0.167295E-02 -0.593673E+01
  0.703432E+05 -0.770275E+07 -0.212191E-02  0.636369E+09  0.570693E+07 -0.513704E-01
  0.770275E+07  0.703428E+05  0.620127E-02 -0.570689E+07  0.636369E+09  0.351140E-01
  0.131195E-02 -0.114795E-01 -0.369205E+03  0.962017E+00  0.721380E-01  0.110223E+04
 2.7817
  0.786886E+05  0.899423E+03  0.392079E-04 -0.727086E+05  0.652150E+07 -0.392616E-03
 -0.899420E+03  0.786886E+05 -0.281681E-03 -0.652150E+07 -0.727085E+05 -0.960980E-03
  0.586001E-05  0.853225E-05 -0.531324E+00 -0.832567E-03  0.432408E-03 -0.273979E-01
  0.720885E+05 -0.647580E+07  0.690932E-02  0.536688E+09  0.582360E+07  0.378609E-01
  0.647579E+07  0.720898E+05  0.861814E-02 -0.582371E+07  0.536688E+09  0.162988E-01
 -0.978886E-03  0.927488E-03  0.227157E+03 -0.145140E+00 -0.825978E-01  0.831671E+00
 2.8999
  0.656588E+05  0.922722E+03  0.946240E-04 -0.741263E+05  0.546074E+07  0.287617E-03
 -0.922728E+03  0.656588E+05  0.781482E-04 -0.546074E+07 -0.741262E+05  0.622247E-04
 -0.105652E-04  0.317997E-04 -0.361815E+00 -0.292171E-02 -0.772969E-03 -0.191193E+01
  0.748481E+05 -0.541104E+07  0.341480E-03  0.450017E+09  0.600963E+07  0.264386E-01
  0.541104E+07  0.748481E+05  0.101277E-01 -0.600962E+07  0.450017E+09 -0.283192E-01
 -0.421745E-03  0.478785E-03  0.123262E+03 -0.416159E-01 -0.253103E-01  0.427812E+03
 3.0181
  0.544033E+05  0.100102E+04  0.125458E-03 -0.802376E+05  0.454164E+07  0.667761E-03
 -0.100102E+04  0.544033E+05 -0.146480E-03 -0.454164E+07 -0.802377E+05 -0.314092E-03
 -0.952305E-05  0.809516E-05 -0.188065E+00 -0.612174E-03 -0.736120E-03 -0.209233E+01
  0.818566E+05 -0.448907E+07  0.483517E-02  0.374743E+09  0.655898E+07  0.134934E-01
  0.448907E+07  0.818563E+05  0.216704E-01 -0.655895E+07  0.374743E+09  0.604208E-01
 -0.479233E-03  0.837939E-03  0.611820E+02 -0.848056E-01 -0.201710E-01  0.511352E+03
 3.1363
  0.439824E+05  0.119874E+04  0.177348E-03 -0.959936E+05  0.369173E+07 -0.106480E-02
 -0.119874E+04  0.439824E+05  0.720814E-04 -0.369173E+07 -0.959936E+05 -0.544365E-03
 -0.358104E-05 -0.522843E-06 -0.130002E+00 -0.893566E-04 -0.337237E-03 -0.283525E+01
  0.986659E+05 -0.363335E+07 -0.105227E-01  0.304962E+09  0.789955E+07  0.165104E-02
  0.363335E+07  0.986661E+05  0.214653E-01 -0.789955E+07  0.304962E+09 -0.168454E-01
  0.209371E-03  0.104985E-02  0.291542E+02 -0.567575E-01  0.290009E-01  0.508643E+03
 3.2545
  0.321203E+05  0.174029E+04  0.224341E-03 -0.139653E+06  0.272611E+07 -0.366242E-03
 -0.174029E+04  0.321203E+05  0.412339E-03 -0.272611E+07 -0.139653E+06 -0.327252E-03
 -0.533457E-05  0.371298E-05 -0.116886E+00 -0.385641E-03 -0.306495E-03 -0.200799E+01
  0.143776E+06 -0.265643E+07 -0.187055E-01  0.225449E+09  0.115372E+08  0.151587E-01
  0.265643E+07  0.143776E+06 -0.108272E-01 -0.115372E+08  0.225449E+09 -0.113622E+00
  0.206399E-03 -0.768954E-03  0.160132E+02  0.125615E+00  0.132096E-01  0.477773E+03
 3.3727
  0.431974E+04  0.258632E+04 -0.481762E-04 -0.210467E+06  0.440661E+06  0.788039E-03
 -0.258631E+04  0.431974E+04  0.376056E-03 -0.440661E+06 -0.210466E+06  0.151285E-02
  0.303430E-05 -0.244535E-05 -0.289082E-01  0.202639E-03  0.269381E-03 -0.165218E+01
  0.214050E+06 -0.357702E+06 -0.412252E-02  0.364846E+08  0.174188E+08  0.767067E-01
  0.357702E+06  0.214051E+06  0.468132E-02 -0.174189E+08  0.364846E+08 -0.615507E-01
 -0.466390E-04  0.120819E-03  0.400186E+01 -0.164941E-01 -0.380832E-02  0.435537E+03
 3.4909
  0.304639E+05 -0.942796E+03  0.137939E-03  0.743310E+05  0.248746E+07 -0.159803E-03
  0.942803E+03  0.304639E+05 -0.492576E-05 -0.248746E+07  0.743315E+05 -0.108116E-02
 -0.578712E-06  0.214254E-05  0.259237E-01 -0.176345E-03 -0.661683E-04 -0.184681E+01
 -0.780451E+05 -0.252350E+07  0.411025E-01  0.206051E+09 -0.615290E+07  0.168325E-01
  0.252350E+07 -0.780448E+05 -0.247574E-02  0.615289E+07  0.206051E+09 -0.178979E-01
  0.163964E-03  0.199337E-03 -0.220492E+01 -0.407497E-02  0.188567E-01  0.394348E+03
 3.6092
  0.317459E+05 -0.618962E+03 -0.324456E-04  0.493535E+05  0.262601E+07  0.172098E-03
  0.618958E+03  0.317459E+05 -0.300306E-04 -0.262601E+07  0.493530E+05  0.256426E-03
 -0.118653E-05  0.516377E-05  0.796813E-01 -0.380390E-03 -0.757230E-04 -0.147438E+01
 -0.511285E+05 -0.263165E+07  0.287110E-02  0.217693E+09 -0.407618E+07 -0.936212E-02
  0.263165E+07 -0.511289E+05 -0.590349E-02  0.407622E+07  0.217693E+09  0.528684E-02
 -0.109282E-03  0.521887E-03 -0.758920E+01 -0.415238E-01 -0.881141E-02  0.353693E+03
 3.7274
  0.281408E+05 -0.360484E+03 -0.774187E-04  0.289749E+05  0.233843E+07  0.113750E-03
  0.360481E+03  0.281408E+05 -0.154438E-03 -0.233843E+07  0.289747E+05 -0.257049E-03
  0.499879E-06  0.662079E-05  0.100152E+00 -0.492936E-03  0.588746E-04 -0.119134E+01
 -0.296606E+05 -0.233468E+07  0.149687E-01  0.194011E+09 -0.238346E+07  0.550266E-01
  0.233468E+07 -0.296608E+05 -0.104318E-01  0.238348E+07  0.194011E+09 -0.100100E-01
  0.897560E-03 -0.117083E-02 -0.109366E+02  0.788999E-01  0.728570E-01  0.332175E+03
 3.8456
  0.249169E+05 -0.186376E+03 -0.782910E-05  0.151210E+05  0.207646E+07  0.161367E-03
  0.186373E+03  0.249169E+05 -0.111262E-03 -0.207646E+07  0.151209E+05 -0.205834E-03
 -0.870298E-06  0.500958E-05  0.742323E-01 -0.487367E-03 -0.476766E-04 -0.109204E+01
 -0.152782E+05 -0.206936E+07  0.126423E-01  0.172454E+09 -0.123894E+07 -0.146697E-03
  0.206936E+07 -0.152783E+05  0.495676E-03  0.123896E+07  0.172454E+09  0.798032E-02
  0.128818E-02 -0.449145E-03 -0.884201E+01  0.290460E-01  0.975829E-01  0.323023E+03
 3.9638
  0.224852E+05 -0.901217E+02 -0.427142E-04  0.735207E+04  0.187657E+07 -0.264611E-03
  0.901141E+02  0.224852E+05 -0.652054E-04 -0.187657E+07  0.735145E+04 -0.152388E-03
 -0.134004E-05  0.482026E-05  0.673256E-01 -0.435280E-03 -0.100174E-03 -0.104755E+01
 -0.728115E+04 -0.186904E+07  0.539310E-02  0.155990E+09 -0.593521E+06  0.134574E-02
  0.186904E+07 -0.728152E+04 -0.318219E-02  0.593544E+06  0.155990E+09 -0.106449E-01
 -0.756033E-04 -0.347657E-03 -0.112394E+02  0.274137E-01 -0.308461E-02  0.350146E+03
 4.0820
  0.203051E+05 -0.178757E+02  0.316060E-04  0.150747E+04  0.169672E+07  0.389290E-04
  0.178722E+02  0.203051E+05  0.159798E-04 -0.169672E+07  0.150716E+04 -0.252308E-03
  0.155417E-05 -0.357000E-07  0.508914E-01 -0.266116E-06  0.134792E-03 -0.114717E+01
 -0.125133E+04 -0.168987E+07 -0.121799E-02  0.141208E+09 -0.105693E+06  0.260668E-01
  0.168987E+07 -0.125149E+04  0.308086E-02  0.105705E+06  0.141208E+09  0.398633E-02
 -0.158605E-03 -0.620826E-03 -0.160147E+02  0.516622E-01 -0.676196E-02  0.410993E+03
