Nb de frequency :    35
 0.0628
  0.836512E+07 -0.116897E+04 -0.499878E-01 -0.525889E+05  0.156359E+09 -0.135185E+00
  0.982639E+03  0.836511E+07  0.417480E-01 -0.156359E+09 -0.457836E+05  0.302026E+00
  0.333282E+00 -0.153881E+01  0.253811E+06 -0.464019E+02 -0.887512E+01  0.160977E+05
 -0.385267E+06 -0.156380E+09  0.241797E+01  0.123329E+11 -0.916212E+07  0.686638E+01
  0.156380E+09 -0.377004E+06  0.513281E+01  0.944205E+07  0.123329E+11  0.307617E+01
 -0.426435E-01  0.292667E+00  0.146112E+05 -0.561818E+01  0.818115E+00  0.185336E+06
 0.1810
  0.837671E+07 -0.120055E+04 -0.330811E-01 -0.508461E+05  0.156900E+09 -0.601959E-02
  0.101375E+04  0.837671E+07  0.817871E-01 -0.156900E+09 -0.440091E+05  0.257284E+00
  0.335079E+00 -0.143652E+01  0.253700E+06 -0.460758E+02 -0.109385E+02  0.162436E+05
 -0.388328E+06 -0.156921E+09  0.101172E+01  0.123618E+11 -0.933221E+07  0.291147E+01
  0.156921E+09 -0.380058E+06  0.403320E+01  0.961231E+07  0.123618E+11  0.604639E+01
 -0.919781E-01  0.402708E+00  0.147834E+05 -0.803311E+01 -0.339062E+01  0.185415E+06
 0.2992
  0.839892E+07 -0.127687E+04 -0.117188E-01 -0.466278E+05  0.158107E+09 -0.623779E-01
  0.108960E+04  0.839892E+07  0.832520E-01 -0.158107E+09 -0.398104E+05  0.254020E+00
  0.347965E+00 -0.147678E+01  0.255517E+06 -0.517832E+02 -0.115750E+02  0.167493E+05
 -0.395099E+06 -0.158129E+09  0.285547E+01  0.124291E+11 -0.972596E+07  0.160614E+02
  0.158129E+09 -0.386778E+06  0.654102E+01  0.100036E+08  0.124291E+11  0.600684E+01
 -0.394535E-01  0.440242E+00  0.152975E+05 -0.180203E+01  0.689697E+00  0.185511E+06
 0.4174
  0.841311E+07 -0.139678E+04 -0.711670E-01 -0.385372E+05  0.159541E+09 -0.820999E-01
  0.121142E+04  0.841312E+07  0.952150E-02 -0.159541E+09 -0.317115E+05  0.196317E+00
  0.267012E+00 -0.157734E+01  0.256695E+06 -0.528658E+02 -0.917371E+01  0.169569E+05
 -0.404768E+06 -0.159562E+09 -0.521484E+01  0.125335E+11 -0.103923E+08  0.474838E+01
  0.159562E+09 -0.396502E+06  0.617969E+01  0.106715E+08  0.125335E+11  0.759766E+01
 -0.117455E+00  0.298598E+00  0.154803E+05 -0.122101E+01 -0.490906E+01  0.185560E+06
 0.5356
  0.840739E+07 -0.147045E+04 -0.874023E-01 -0.298905E+05  0.160259E+09 -0.114365E+00
  0.128364E+04  0.840738E+07 -0.732420E-02 -0.160259E+09 -0.230338E+05  0.137548E+00
  0.318972E+00 -0.156217E+01  0.254253E+06 -0.524781E+02 -0.944824E+01  0.164578E+05
 -0.412663E+06 -0.160281E+09 -0.976565E+00  0.126284E+11 -0.112110E+08  0.861890E+01
  0.160281E+09 -0.404440E+06  0.411914E+01  0.114925E+08  0.126284E+11  0.666797E+01
 -0.626421E-01  0.351920E+00  0.149489E+05 -0.378259E+01 -0.400586E+01  0.185470E+06
 0.6539
  0.839025E+07 -0.162293E+04 -0.139648E+00 -0.159135E+05  0.160043E+09 -0.128487E+00
  0.143762E+04  0.839025E+07  0.556640E-01 -0.160042E+09 -0.903224E+04  0.844700E-01
  0.301864E+00 -0.148855E+01  0.250661E+06 -0.468095E+02 -0.116696E+02  0.156732E+05
 -0.424349E+06 -0.160065E+09 -0.158203E+01  0.126713E+11 -0.122977E+08  0.810355E+01
  0.160065E+09 -0.416115E+06  0.455079E+00  0.125781E+08  0.126713E+11  0.493262E+01
  0.165424E-01  0.377048E+00  0.141107E+05 -0.193973E+01  0.199133E+01  0.185366E+06
 0.7721
  0.836858E+07 -0.174917E+04 -0.137634E+00 -0.296932E+04  0.159090E+09 -0.223389E-01
  0.156073E+04  0.836858E+07  0.102539E-01 -0.159090E+09  0.388385E+04  0.308406E+00
  0.303432E+00 -0.148772E+01  0.247960E+06 -0.505994E+02 -0.971182E+01  0.149682E+05
 -0.434463E+06 -0.159113E+09 -0.219140E+01  0.126488E+11 -0.133267E+08 -0.775787E+00
  0.159113E+09 -0.426207E+06  0.200195E+01  0.136073E+08  0.126488E+11  0.536230E+01
 -0.247059E-01  0.282930E+00  0.133541E+05  0.137796E+01 -0.224634E+01  0.185214E+06
 0.8903
  0.834444E+07 -0.181973E+04 -0.130676E+00  0.625454E+04  0.157640E+09  0.306778E-01
  0.163248E+04  0.834444E+07  0.633545E-01 -0.157640E+09  0.131185E+05  0.406837E+00
  0.302706E+00 -0.152526E+01  0.246519E+06 -0.442825E+02 -0.108670E+02  0.144476E+05
 -0.440682E+06 -0.157663E+09 -0.746093E+00  0.125723E+11 -0.141011E+08  0.438718E+01
  0.157664E+09 -0.432433E+06  0.186328E+01  0.143837E+08  0.125723E+11  0.273828E+01
 -0.317430E-01  0.421805E+00  0.127912E+05 -0.259607E+01 -0.162140E+01  0.185076E+06
 1.0085
  0.831725E+07 -0.175231E+04 -0.109924E+00  0.513763E+04  0.155750E+09 -0.138329E+00
  0.156627E+04  0.831726E+07  0.522461E-01 -0.155750E+09  0.120036E+05  0.175425E+00
  0.281069E+00 -0.151848E+01  0.246095E+06 -0.499465E+02 -0.102031E+02  0.141200E+05
 -0.436320E+06 -0.155774E+09 -0.808592E+00  0.124483E+11 -0.140829E+08  0.284995E+01
  0.155774E+09 -0.428074E+06  0.274023E+01  0.143639E+08  0.124482E+11  0.961621E+01
 -0.385513E-01  0.354625E+00  0.124330E+05 -0.308113E+01 -0.371082E+01  0.184976E+06
 1.1267
  0.828608E+07 -0.145547E+04 -0.186829E+00 -0.142841E+05  0.153402E+09 -0.115776E+00
  0.126794E+04  0.828609E+07  0.164795E-01 -0.153402E+09 -0.744266E+04  0.676789E-01
  0.291449E+00 -0.149227E+01  0.246300E+06 -0.496326E+02 -0.120157E+02  0.139542E+05
 -0.413225E+06 -0.153425E+09  0.187501E+00  0.122773E+11 -0.125894E+08  0.833704E+01
  0.153425E+09 -0.404973E+06  0.117189E-01  0.128692E+08  0.122772E+11  0.333203E+01
  0.366669E-01  0.359362E+00  0.122493E+05 -0.396667E+01  0.209875E+01  0.184894E+06
 1.2449
  0.825064E+07 -0.860152E+03 -0.152832E+00 -0.581010E+05  0.150605E+09 -0.188034E+00
  0.675235E+03  0.825064E+07  0.529785E-01 -0.150605E+09 -0.512568E+05  0.186789E+00
  0.317413E+00 -0.153055E+01  0.246772E+06 -0.449313E+02 -0.111028E+02  0.139100E+05
 -0.365254E+06 -0.150625E+09  0.163281E+01  0.120612E+11 -0.906402E+07  0.602594E+01
  0.150625E+09 -0.357001E+06  0.135742E+01  0.934484E+07  0.120612E+11  0.350000E+01
 -0.515747E-02  0.260140E+00  0.121968E+05 -0.196321E+01 -0.178833E-01  0.184816E+06
 1.3631
  0.821256E+07 -0.373006E+02 -0.877075E-01 -0.121660E+06  0.147512E+09 -0.657043E-01
 -0.150255E+03  0.821256E+07  0.465088E-01 -0.147512E+09 -0.114791E+06  0.370368E+00
  0.284860E+00 -0.149295E+01  0.247273E+06 -0.507247E+02 -0.104578E+02  0.139430E+05
 -0.297339E+06 -0.147526E+09 -0.343748E+00  0.118137E+11 -0.382261E+07  0.130252E+01
  0.147526E+09 -0.289074E+06  0.297070E+01  0.410525E+07  0.118137E+11  0.697119E+01
 -0.100718E+00  0.290116E+00  0.122248E+05 -0.289655E+01 -0.979065E+00  0.184730E+06
 1.4813
  0.817587E+07  0.801334E+03 -0.112915E+00 -0.188342E+06  0.144467E+09 -0.465851E-01
 -0.987674E+03  0.817587E+07  0.601807E-01 -0.144466E+09 -0.181508E+06  0.188984E+00
  0.326183E+00 -0.152140E+01  0.247698E+06 -0.477249E+02 -0.105029E+02  0.140152E+05
 -0.226609E+06 -0.144475E+09  0.250000E+01  0.115640E+11  0.179410E+07  0.704520E+01
  0.144475E+09 -0.218330E+06  0.255273E+01 -0.151271E+07  0.115640E+11  0.381592E+01
 -0.520706E-01  0.267316E+00  0.123019E+05 -0.276665E+01 -0.446411E+00  0.184682E+06
 1.5996
  0.814474E+07  0.141663E+04 -0.131958E+00 -0.238558E+06  0.141831E+09 -0.115669E+00
 -0.160312E+04  0.814473E+07  0.110718E+00 -0.141831E+09 -0.231699E+06  0.299992E+00
  0.271427E+00 -0.157113E+01  0.248027E+06 -0.490127E+02 -0.830396E+01  0.141038E+05
 -0.173174E+06 -0.141835E+09 -0.101562E+00  0.113437E+11  0.614421E+07  0.121490E+02
  0.141835E+09 -0.164919E+06  0.198242E+01 -0.586176E+07  0.113437E+11  0.497998E+01
  0.210981E-01  0.320646E+00  0.123964E+05 -0.257982E+01  0.143304E+01  0.184614E+06
 1.7178
  0.812170E+07  0.169203E+04 -0.125122E+00 -0.262018E+06  0.139838E+09  0.915070E-01
 -0.187849E+04  0.812170E+07  0.113037E+00 -0.139838E+09 -0.255195E+06  0.272337E+00
  0.314453E+00 -0.155991E+01  0.248266E+06 -0.474802E+02 -0.103850E+02  0.141949E+05
 -0.147677E+06 -0.139839E+09 -0.287500E+01  0.111737E+11  0.830117E+07  0.803693E+01
  0.139839E+09 -0.139426E+06  0.667968E+00 -0.802134E+07  0.111737E+11  0.303760E+01
 -0.154629E-01  0.314685E+00  0.124941E+05 -0.899261E+00 -0.145715E+01  0.184533E+06
 1.8360
  0.810720E+07  0.166541E+04 -0.820312E-01 -0.261103E+06  0.138538E+09 -0.381088E-01
 -0.185145E+04  0.810720E+07  0.935059E-01 -0.138538E+09 -0.254257E+06  0.322767E+00
  0.303210E+00 -0.155246E+01  0.248441E+06 -0.476057E+02 -0.104709E+02  0.142781E+05
 -0.147633E+06 -0.138538E+09 -0.108203E+01  0.110598E+11  0.841196E+07  0.201134E+00
  0.138538E+09 -0.139357E+06  0.109375E+00 -0.813224E+07  0.110598E+11  0.506079E+01
 -0.207853E-01  0.332786E+00  0.125858E+05 -0.251160E+01 -0.149017E+01  0.184459E+06
 1.9542
  0.809958E+07  0.147301E+04 -0.148865E+00 -0.246728E+06  0.137812E+09 -0.126884E+00
 -0.166068E+04  0.809958E+07  0.273438E-01 -0.137812E+09 -0.239881E+06  0.172947E+00
  0.326675E+00 -0.148085E+01  0.248572E+06 -0.480324E+02 -0.114236E+02  0.143473E+05
 -0.161883E+06 -0.137812E+09  0.140234E+01  0.109932E+11  0.735252E+07  0.464496E+01
  0.137812E+09 -0.153643E+06  0.714843E+00 -0.707101E+07  0.109932E+11  0.542847E+01
 -0.542727E-01  0.355333E+00  0.126610E+05 -0.479216E+01 -0.552121E+01  0.184398E+06
 2.0724
  0.809709E+07  0.120644E+04 -0.133484E+00 -0.225858E+06  0.137517E+09 -0.884504E-01
 -0.139429E+04  0.809709E+07  0.139648E+00 -0.137517E+09 -0.219026E+06  0.218088E+00
  0.318598E+00 -0.150074E+01  0.248672E+06 -0.493170E+02 -0.115460E+02  0.144063E+05
 -0.183080E+06 -0.137518E+09  0.417969E+00  0.109629E+11  0.570155E+07  0.697147E+01
  0.137518E+09 -0.174803E+06  0.249805E+01 -0.542030E+07  0.109629E+11  0.588214E+01
 -0.186210E-01  0.280622E+00  0.127263E+05 -0.330504E+01  0.379120E+00  0.184317E+06
 2.1906
  0.809793E+07  0.953860E+03 -0.124329E+00 -0.206051E+06  0.137509E+09 -0.601355E-01
 -0.114062E+04  0.809793E+07  0.920410E-01 -0.137508E+09 -0.199211E+06  0.375407E+00
  0.338542E+00 -0.148826E+01  0.248749E+06 -0.485132E+02 -0.959692E+01  0.144518E+05
 -0.203599E+06 -0.137511E+09  0.253906E+01  0.109568E+11  0.409185E+07  0.366538E+00
  0.137511E+09 -0.195328E+06  0.216406E+01 -0.381125E+07  0.109568E+11  0.758804E+01
 -0.695920E-02  0.337780E+00  0.127790E+05 -0.424594E+01 -0.259048E+01  0.184267E+06
 2.3088
  0.810085E+07  0.731018E+03 -0.172607E+00 -0.188323E+06  0.137683E+09 -0.669093E-01
 -0.916740E+03  0.810085E+07  0.127686E+00 -0.137683E+09 -0.181471E+06  0.499612E-01
  0.306157E+00 -0.159070E+01  0.248811E+06 -0.462714E+02 -0.102337E+02  0.144889E+05
 -0.222091E+06 -0.137688E+09  0.277344E+00  0.109667E+11  0.262756E+07  0.540761E+01
  0.137688E+09 -0.213821E+06  0.232617E+01 -0.234903E+07  0.109667E+11  0.633255E+01
 -0.744120E-01  0.338098E+00  0.128222E+05 -0.561615E+01 -0.455427E+01  0.184191E+06
 2.4270
  0.810501E+07  0.553199E+03 -0.147583E+00 -0.174406E+06  0.137970E+09  0.151157E-02
 -0.739868E+03  0.810502E+07  0.101074E+00 -0.137970E+09 -0.167567E+06  0.474001E+00
  0.276830E+00 -0.148180E+01  0.248861E+06 -0.469297E+02 -0.844553E+01  0.145188E+05
 -0.236930E+06 -0.137977E+09  0.617188E+00  0.109865E+11  0.146052E+07  0.890036E+01
  0.137977E+09 -0.228659E+06  0.135547E+01 -0.117942E+07  0.109865E+11  0.489105E+01
 -0.541161E-01  0.380786E+00  0.128621E+05 -0.501708E+01 -0.389171E+01  0.184132E+06
 2.5452
  0.810967E+07  0.424940E+03 -0.135803E+00 -0.164234E+06  0.138306E+09 -0.238571E-01
 -0.613209E+03  0.810967E+07  0.308838E-01 -0.138306E+09 -0.157395E+06  0.796646E-03
  0.297089E+00 -0.154675E+01  0.248901E+06 -0.469652E+02 -0.109028E+02  0.145434E+05
 -0.247887E+06 -0.138315E+09 -0.687500E+00  0.110110E+11  0.592964E+06  0.710709E+01
  0.138315E+09 -0.239619E+06  0.296875E+01 -0.310860E+06  0.110110E+11  0.261633E+01
 -0.728884E-01  0.347958E+00  0.129118E+05 -0.148110E+01 -0.278099E+01  0.184005E+06
 2.6635
  0.811468E+07  0.326188E+03 -0.122314E+00 -0.156519E+06  0.138678E+09 -0.556774E-01
 -0.514332E+03  0.811468E+07  0.171387E+00 -0.138677E+09 -0.149690E+06  0.271239E+00
  0.323284E+00 -0.158087E+01  0.248935E+06 -0.470125E+02 -0.108556E+02  0.145645E+05
 -0.256409E+06 -0.138689E+09 -0.652343E+00  0.110389E+11 -0.734913E+05  0.606815E+00
  0.138689E+09 -0.248146E+06  0.138867E+01  0.355006E+06  0.110389E+11  0.843054E+01
  0.477791E-03  0.301668E+00  0.130731E+05 -0.224604E+01 -0.183600E+01  0.183649E+06
 2.7817
  0.811961E+07  0.247070E+03 -0.156006E+00 -0.150477E+06  0.139049E+09 -0.113792E+00
 -0.434610E+03  0.811961E+07  0.989990E-01 -0.139048E+09 -0.143643E+06  0.230921E+00
  0.336913E+00 -0.147998E+01  0.248964E+06 -0.505427E+02 -0.107164E+02  0.145789E+05
 -0.263211E+06 -0.139063E+09 -0.699218E+00  0.110671E+11 -0.599908E+06  0.657610E+01
  0.139063E+09 -0.254957E+06  0.290234E+01  0.881544E+06  0.110671E+11  0.349060E+01
 -0.407791E-01  0.334397E+00  0.130262E+05 -0.103545E+01 -0.149167E+01  0.184123E+06
 2.8999
  0.812426E+07  0.205000E+03 -0.113892E+00 -0.147250E+06  0.139402E+09 -0.254631E-02
 -0.391957E+03  0.812427E+07  0.290527E-01 -0.139402E+09 -0.140404E+06  0.256105E+00
  0.304435E+00 -0.157653E+01  0.248990E+06 -0.518452E+02 -0.960604E+01  0.145919E+05
 -0.267108E+06 -0.139419E+09  0.250000E+00  0.110944E+11 -0.895231E+06  0.389027E+01
  0.139419E+09 -0.258865E+06  0.328125E+01  0.117861E+07  0.110943E+11  0.326477E+01
 -0.518525E-01  0.360604E+00  0.129741E+05 -0.357288E+01 -0.208160E+01  0.184202E+06
 3.0181
  0.812870E+07  0.163419E+03 -0.115356E+00 -0.144177E+06  0.139741E+09 -0.118263E+00
 -0.349024E+03  0.812870E+07  0.944824E-01 -0.139740E+09 -0.137343E+06  0.275697E+00
  0.299323E+00 -0.151486E+01  0.249012E+06 -0.464909E+02 -0.102259E+02  0.146032E+05
 -0.270899E+06 -0.139760E+09  0.683594E+00  0.111206E+11 -0.117731E+07  0.551457E+01
  0.139760E+09 -0.262635E+06  0.295703E+01  0.145914E+07  0.111206E+11  0.403345E+01
 -0.692587E-01  0.386195E+00  0.129739E+05 -0.623137E+01 -0.305621E+01  0.184204E+06
 3.1363
  0.813256E+07  0.125429E+03 -0.103516E+00 -0.141475E+06  0.140034E+09 -0.396900E-01
 -0.313732E+03  0.813256E+07  0.617676E-01 -0.140034E+09 -0.134642E+06  0.164523E+00
  0.302242E+00 -0.155810E+01  0.249033E+06 -0.513108E+02 -0.829790E+01  0.146134E+05
 -0.274205E+06 -0.140056E+09  0.632812E+00  0.111434E+11 -0.142181E+07  0.107138E+02
  0.140056E+09 -0.265931E+06  0.129297E+01  0.170315E+07  0.111434E+11  0.470740E+01
 -0.719428E-01  0.329044E+00  0.129838E+05 -0.194972E+01 -0.211306E+01  0.184202E+06
 3.2545
  0.813579E+07  0.410125E+02 -0.872192E-01 -0.135015E+06  0.140275E+09 -0.155693E+00
 -0.227805E+03  0.813580E+07  0.592041E-01 -0.140274E+09 -0.128163E+06 -0.103172E+00
  0.342286E+00 -0.149537E+01  0.249051E+06 -0.499793E+02 -0.956332E+01  0.146218E+05
 -0.281506E+06 -0.140300E+09 -0.226562E+00  0.111620E+11 -0.197868E+07  0.597085E+01
  0.140301E+09 -0.273258E+06  0.134766E+01  0.226002E+07  0.111620E+11  0.510132E+01
 -0.533598E-01  0.324993E+00  0.129915E+05 -0.131913E+01 -0.156808E+01  0.184204E+06
 3.3727
  0.814043E+07 -0.666129E+03 -0.125305E+00 -0.781808E+05  0.140620E+09 -0.769997E-01
  0.479469E+03  0.814043E+07  0.253906E-01 -0.140619E+09 -0.713505E+05 -0.367650E-01
  0.317873E+00 -0.156066E+01  0.249066E+06 -0.492426E+02 -0.887745E+01  0.146290E+05
 -0.340258E+06 -0.140665E+09  0.789062E+00  0.111893E+11 -0.669810E+07 -0.373191E+00
  0.140665E+09 -0.332020E+06  0.274805E+01  0.698057E+07  0.111893E+11  0.461694E+01
 -0.296620E-01  0.422833E+00  0.129998E+05 -0.470324E+01  0.292625E-01  0.184217E+06
 3.4909
  0.815260E+07 -0.393841E+03 -0.112488E+00 -0.998812E+05  0.141622E+09 -0.160613E+00
  0.206823E+03  0.815259E+07  0.132812E+00 -0.141622E+09 -0.930440E+05  0.323756E+00
  0.300541E+00 -0.149293E+01  0.249080E+06 -0.436598E+02 -0.876815E+01  0.146359E+05
 -0.317836E+06 -0.141654E+09  0.433594E+00  0.112713E+11 -0.491842E+07  0.275667E+01
  0.141654E+09 -0.309588E+06  0.197461E+01  0.520051E+07  0.112713E+11  0.649597E+01
  0.839055E-03  0.400847E+00  0.130093E+05 -0.363080E+01 -0.344543E-01  0.184227E+06
 3.6092
  0.815122E+07 -0.995598E+02 -0.888672E-01 -0.123378E+06  0.141499E+09 -0.468893E-01
 -0.861956E+02  0.815122E+07  0.531006E-01 -0.141499E+09 -0.116530E+06  0.165831E+00
  0.305167E+00 -0.150415E+01  0.249092E+06 -0.500955E+02 -0.823088E+01  0.146417E+05
 -0.293717E+06 -0.141523E+09  0.105469E+00  0.112601E+11 -0.298654E+07  0.100606E+02
  0.141523E+09 -0.285475E+06  0.193750E+01  0.326898E+07  0.112601E+11  0.414166E+01
  0.585872E-02  0.265205E+00  0.130159E+05 -0.245273E+01  0.296888E+01  0.184238E+06
 3.7274
  0.815255E+07 -0.319894E+02 -0.913696E-01 -0.128950E+06  0.141595E+09 -0.142626E+00
 -0.155459E+03  0.815255E+07  0.242920E-01 -0.141595E+09 -0.122130E+06  0.104476E+00
  0.358888E+00 -0.146888E+01  0.249104E+06 -0.523275E+02 -0.113975E+02  0.146468E+05
 -0.288250E+06 -0.141618E+09  0.351565E-01  0.112671E+11 -0.253447E+07  0.289961E+01
  0.141618E+09 -0.280011E+06  0.161719E+01  0.281664E+07  0.112671E+11  0.487073E+01
 -0.286847E-01  0.286977E+00  0.130213E+05 -0.445269E+01  0.192075E+01  0.184249E+06
 3.8456
  0.815431E+07 -0.911596E+01 -0.116516E+00 -0.130968E+06  0.141727E+09 -0.158685E+00
 -0.178097E+03  0.815431E+07  0.629883E-01 -0.141727E+09 -0.124143E+06  0.199490E+00
  0.331538E+00 -0.151447E+01  0.249115E+06 -0.488709E+02 -0.101926E+02  0.146516E+05
 -0.286451E+06 -0.141750E+09 -0.107031E+01  0.112771E+11 -0.237814E+07  0.214801E+01
  0.141750E+09 -0.278205E+06  0.275781E+01  0.265739E+07  0.112771E+11  0.649615E+01
 -0.265390E-01  0.321407E+00  0.130271E+05 -0.483004E+01  0.444870E+00  0.184260E+06
 3.9638
  0.815606E+07 -0.661213E+00 -0.785522E-01 -0.131891E+06  0.141859E+09 -0.454206E-01
 -0.187303E+03  0.815605E+07  0.500488E-01 -0.141858E+09 -0.125069E+06  0.889657E-01
  0.307864E+00 -0.148298E+01  0.249125E+06 -0.461149E+02 -0.929790E+01  0.146559E+05
 -0.285697E+06 -0.141882E+09 -0.137109E+01  0.112872E+11 -0.230678E+07  0.689184E+01
  0.141882E+09 -0.277446E+06  0.246289E+01  0.258605E+07  0.112872E+11  0.567126E+01
  0.472409E-01  0.373512E+00  0.130336E+05 -0.635248E+01  0.217101E+01  0.184264E+06
 4.0820
  0.815775E+07  0.653577E+01 -0.705566E-01 -0.132452E+06  0.141987E+09 -0.254848E+00
 -0.193141E+03  0.815774E+07  0.830078E-01 -0.141987E+09 -0.125604E+06  0.454359E+00
  0.318847E+00 -0.144446E+01  0.249134E+06 -0.449220E+02 -0.910347E+01  0.146597E+05
 -0.285297E+06 -0.142011E+09 -0.131641E+01  0.112971E+11 -0.226825E+07  0.716297E+01
  0.142011E+09 -0.277069E+06  0.392383E+01  0.255046E+07  0.112970E+11  0.685968E+01
  0.345120E-01  0.364839E+00  0.130419E+05 -0.416033E+01  0.146239E+01  0.184172E+06
