
   54387.2070      -1.57079399       8.48459148       1.57023489       873.399719      -3.13996267       314.765289       1.57027340       1040069.31      -1.57079399       55.8192368       3.14126563    
   8365115.50       1.25547993      -1168.96851       8.82963359E-04  -4.99878228E-02  -7.94177526E-04  -52588.8750       3.17000300E-02   156359248.       23.5792599     -0.135185242       3.37790319E-04
   982.639221      -2.74808914E-03   8365114.50       1.25873971       4.17480171E-02  -2.44204327E-03  -156359088.      -23.5106049      -45783.6484     -0.252723157      0.302025795      -2.31460948E-03
  0.333282471       1.89767568E-04  -1.53881335      -5.15926004E-05   253811.125       23.2570553      -46.4018860       2.85852537E-03  -8.87512207       3.76712787E-03   16097.6660     -0.258886427    
  -385267.219     -0.172524452      -156380176.      -23.5810337       2.41796780       6.28500246E-03   1.23329085E+10   430.719910      -9162122.00      -1.88702607       6.86637878       2.85707443E-04
   156380272.       23.6250477      -377003.625     -0.109020747       5.13281107      -6.45166915E-03   9442049.00       1.94543505       1.23329065E+10   431.384918       3.07617188      -1.72090717E-03
  -4.26435471E-02  -1.31253137E-05  0.292667150      -5.15330157E-06   14611.1973     -0.195430413      -5.61817932      -5.08027915E-05  0.818115234      -3.68795969E-04   185335.938       2.27660383E-03
   222632.406      -1.57059443       63.9527817       1.57085788       5694.19189      -3.13980746       290.351715       1.56880271       5008333.50      -1.57059836       370.775818       3.13528609    
   8376707.00       302.843109      -1200.54919     -0.152208701      -3.30810770E-02  -4.09490243E-03  -50846.1406      -6.27705383       156900128.       6673.99854      -6.01959229E-03  -1.09448936E-03
   1013.74518      0.145639569       8376709.00       302.853424       8.17871094E-02  -1.18825072E-03  -156899888.      -6673.87695      -44009.0508      -6.05544710      0.257283926       1.09532587E-02
  0.335079193      -1.41303230E-03  -1.43651700       1.18587236E-03   253699.797       49.3307037      -46.0757599       1.40476357E-02  -10.9384766       1.55156497E-02   16243.5723      -11.3317833    
  -388328.406      -28.4012775      -156921184.      -6691.88623       1.01172101      -9.03562352E-04   1.23618437E+10   147506.984      -9332214.00      -453.103241       2.91146851       3.38736712E-03
   156921296.       6691.71436      -380058.000      -27.1404896       4.03320265      -5.73413074E-02   9612307.00       400.522614       1.23618386E+10   147497.781       6.04638672       5.70180267E-03
  -9.19780731E-02  -1.38030882E-04  0.402707815      -5.76605453E-05   14783.3564      -7.90614939      -8.03311157       1.97104667E-03  -3.39062500      -1.07770576E-03   185414.547       1.82533884    
   434778.688      -1.56852520       243.053589       1.57688141       8337.58398       3.13827634       4511.03125      -1.56710219       12608354.0      -1.56855023       561.351013       3.12017250    
   8398925.00       5229.84326      -1276.87170      -3.98063040      -1.17187565E-02   1.04371766E-02  -46627.7617      -35.3912659       158107456.       149982.891      -6.23779297E-02   3.33043950E-04
   1089.60400       3.66185188       8398925.00       5229.87109       8.32519606E-02  -3.78390425E-03  -158107424.      -149983.328      -39810.4492      -41.1515350      0.254019976      -1.10144587E-02
  0.347965240       2.84626964E-03  -1.47678208       2.28298333E-04   255517.219       115.474846      -51.7832336       4.74476740E-02  -11.5749512       5.49013242E-02   16749.3008       50.0325623    
  -395099.156      -557.423218      -158128816.      -150216.719       2.85546756      0.114277214       1.24291308E+10   4308089.00      -9725957.00      -11806.2100       16.0614471      0.150560766    
   158128976.       150216.547      -386777.812      -549.842102       6.54101562      0.164498419       10003595.0       11518.3496       1.24291277E+10   4308095.00       6.00683594      0.205463901    
  -3.94535065E-02   1.10096138E-04  0.440241575       1.96479168E-03   15297.5068       71.8551941      -1.80203247       2.86006704E-02  0.689697266      -1.06839454E-02   185511.000       31.2026081    
   550951.625      -1.56218517       550.815979       1.59455800       6735.37646       3.11373758       19096.2051      -1.55141401       20919444.0      -1.56222367       413.824249       3.01956391    
   8413112.00       22548.1309      -1396.77625      -26.7611904      -7.11669847E-02   2.81603057E-02  -38537.2500       410.779541       159541440.       852223.062      -8.20999146E-02   9.61001962E-03
   1211.41858       26.2388344       8413118.00       22548.0898       9.52149555E-03  -6.46111381E-04  -159541280.      -852222.125      -31711.4766       399.754059      0.196316719       8.03601742E-03
  0.267011642      -1.09417050E-03  -1.57734084       2.56150751E-03   256694.672       1597.82104      -52.8658447       7.03644976E-02  -9.17370605      -4.49690707E-02   16956.8613       428.172119    
  -404768.188      -3012.22485      -159562240.      -852877.875      -5.21484327     -0.271661431       1.25334661E+10   32241870.0      -10392349.0      -91435.8828       4.74838257      0.457518458    
   159562480.       852880.500      -396502.094      -2995.56201       6.17968607      0.634356797       10671527.0       90493.9844       1.25334548E+10   32242000.0       7.59765625      0.240729451    
 -0.117455482      -1.94072436E-05  0.298598051       2.09967722E-03   15480.2998       482.352142      -1.22100830       7.61209801E-02  -4.90905762      -1.92870181E-02   185559.656       129.306076    
   572199.812      -1.54975939       935.799133       1.62789083       3800.25952       2.93740606       44390.4688      -1.51999795       27340372.0      -1.54979205       198.936172       1.65608621    
   8407391.00       50807.2695      -1470.45422      -94.1838379      -8.74023438E-02   3.80290747E-02  -29890.4648       3245.80664       160259216.       2422232.00     -0.114364624       1.15303909E-02
   1283.63879       93.7175674       8407383.00       50807.2891      -7.32420292E-03   1.00530277E-03  -160259056.      -2422227.50      -23033.7734       3233.42651      0.137548208       1.20752098E-04
  0.318971634      -2.34012515E-03  -1.56216598      -1.02006933E-02   254252.812       3832.34058      -52.4781036     -0.195064574      -9.44824219      -1.16388146E-02   16457.7559       983.986572    
  -412663.406      -9139.99805      -160281120.      -2423320.50     -0.976564527      -8.40221271E-02   1.26284431E+10   115631008.      -11211008.0      -376929.750       8.61889648       6.95945844E-02
   160281424.       2423321.25      -404439.531      -9126.46094       4.11914062       1.35275483       11492534.0       375789.781       1.26284360E+10   115631080.       6.66796875      0.877929568    
  -6.26420975E-02   6.14787277E-04  0.351919889       1.96603592E-03   14948.9414       1076.47290      -3.78259277       7.20887259E-03  -4.00585938      -2.25583767E-03   185469.672       272.492279    
   548777.375      -1.52912605       1387.79041       1.67973936       2302.06812       2.17503357       79150.3672      -1.46958041       31013792.0      -1.52918041       719.281677      0.817851186    
   8390253.00       84005.1328      -1622.93176      -239.788605     -0.139648438       1.78497154E-02  -15913.5352       11619.5586       160042688.       4732978.50     -0.128486633       1.07029267E-02
   1437.61621       239.569580       8390254.00       84005.0859       5.56640476E-02   1.78605560E-02  -160042480.      -4732976.50      -9032.24121       11612.6416       8.44700336E-02   5.76997502E-03
  0.301863670      -5.47492993E-04  -1.48854947       7.73255900E-03   250661.047       5116.82861      -46.8095245      -9.60993618E-02  -11.6696167      0.320304602       15673.1865       1416.55981    
  -424349.438      -21309.6621      -160064912.      -4734350.50      -1.58203161     -0.772101223       1.26713078E+10   267187920.      -12297748.0      -1094930.88       8.10354614     -0.271688730    
   160065040.       4734351.00      -416115.312      -21302.6602      0.455078721      0.293014646       12578059.0       1094213.00       1.26713037E+10   267187920.       4.93261719       5.20604737E-02
   1.65424347E-02   8.64577480E-04  0.377047777      -2.47568311E-03   14110.6729       1539.93677      -1.93972778      -6.98745698E-02   1.99133301       7.13362172E-02   185366.219       429.931793    
   514429.625      -1.49768257       1904.20654       1.75412869       3361.09448       1.45861888       121579.312      -1.39630365       32518480.0      -1.49781966       1490.69531      0.788769722    
   8368577.00       119893.945      -1749.17151      -502.980286     -0.137634262       2.11462025E-02  -2969.32324       29179.7715       159090240.       7545054.50      -2.23388672E-02   4.50691627E-03
   1560.72595       502.876129       8368584.00       119894.070       1.02539277E-02   2.08566654E-02  -159090000.      -7545056.00       3883.84644       29175.6523      0.308406115       3.65197519E-03
  0.303432465       4.42665908E-03  -1.48771751       1.88383355E-03   247959.734       5138.20654      -50.5994034      0.147237211      -9.71182251      0.135244295       14968.2373       1627.44775    
  -434463.094      -42799.3477      -159113312.      -7547303.50      -2.19140220      -1.32611513       1.26488166E+10   475867040.      -13326684.0      -2539192.75     -0.775787354     -0.805034935    
   159113264.       7547301.00      -426207.312      -42800.0000       2.00195217      0.593700886       13607315.0       2539140.00       1.26488136E+10   475866464.       5.36230469      0.188163936    
  -2.47058868E-02  -1.45640911E-03  0.282929897       7.94195803E-04   13354.1475       1769.53223       1.37796021      0.147443384      -2.24633789       1.87551323E-02   185214.500       565.322021    
   481063.969      -1.45237780       2503.46924       1.85575366       4932.01123       1.26420712       171855.438      -1.29574907       32740848.0      -1.45263374       2399.97534      0.837945998    
   8344439.50       158242.391      -1819.72766      -932.398499     -0.130676240       2.41011917E-03   6254.53613       60174.2461       157639664.       10716731.0       3.06777954E-02  -1.89335784E-03
   1632.48499       932.366455       8344440.00       158242.438       6.33544922E-02   5.32626733E-02  -157639536.      -10716733.0       13118.5146       60175.2188      0.406837463       1.83172822E-02
  0.302705884      -2.96484563E-03  -1.52526093      -5.30225108E-04   246518.938       4311.48779      -44.2825089      0.486954659      -10.8669739      -7.96602741E-02   14447.6113       1639.08142    
  -440682.000      -77855.3281      -157663456.      -10720894.0     -0.746092618      -3.99444556       1.25723146E+10   727214912.      -14101110.0      -5073216.50       4.38717651      -1.67097747    
   157663648.       10720904.0      -432432.625      -77854.8281       1.86328173       8.44377503E-02   14383708.0       5073145.00       1.25723023E+10   727215296.       2.73828125       1.60842016E-02
  -3.17430496E-02   1.73925725E-03  0.421805143       3.24173854E-03   12791.1875       1784.41077      -2.59606934     -0.349804223      -1.62139893      0.123728812       185076.141       662.047974    
   450250.094      -1.39015567       3176.73950       1.98956311       5959.19385       1.21848691       228953.453      -1.16299570       32229970.0      -1.39051521       3403.71240      0.901895165    
   8317251.00       198569.156      -1752.31262      -1566.63306     -0.109924302       3.00047011E-03   5137.62695       108214.344       155749808.       14149737.0     -0.138328552      -6.42465660E-04
   1566.27466       1566.57690       8317256.00       198569.062       5.22460788E-02   2.56410744E-02  -155749760.      -14149742.0       12003.6055       108211.320      0.175425053       1.47085451E-02
  0.281068563      -9.68507375E-04  -1.51847661       3.05603986E-04   246095.156       3136.46460      -49.9464607     -0.446017355      -10.2030792     -0.137510732       14119.9893       1497.70154    
  -436319.594      -130049.477      -155773536.      -14157304.0     -0.808592260      -2.33966517       1.24482632E+10   1.00999328E+09  -14082904.0      -9025950.00       2.84994507      -1.10611820    
   155773680.       14157301.0      -428073.594      -130050.945       2.74023485      0.317390174       14363852.0       9026089.00       1.24482488E+10   1.00999309E+09   9.61621094      0.172103852    
  -3.85513306E-02  -2.26930808E-03  0.354624987      -2.69561470E-03   12432.9580       1635.98816      -3.08113098      0.154153287      -3.71081543      -7.97734633E-02   184975.672       780.105652    
   420018.750      -1.30918908       3877.34424       2.15723181       6206.70264       1.21561074       289041.844     -0.996234417       31162564.0      -1.30959320       4462.75391      0.967791796    
   8286077.00       239071.656      -1455.46704      -2379.19409     -0.186828598      -6.68081688E-03  -14284.0898       172070.203       153401872.       17672108.0     -0.115776062      -3.13327252E-03
   1267.94348       2379.16650       8286086.50       239071.578       1.64794959E-02   1.70205608E-02  -153401840.      -17672106.0      -7442.66162       172067.578       6.76789284E-02   1.82202049E-02
  0.291448593      -4.92125808E-04  -1.49226749      -3.72505910E-03   246299.688       2010.71045      -49.6325989      0.478664339      -12.0156860     -0.103634387       13954.2070       1269.75183    
  -413224.531      -198001.234      -153424800.      -17684608.0      0.187500820      -1.43388414       1.22772500E+10   1.30828634E+09  -12589411.0      -14357657.0       8.33703613     -0.866364896    
   153424960.       17684606.0      -404972.781      -198003.219       1.17188692E-02 -0.327526063       12869239.0       14357751.0       1.22772490E+10   1.30828608E+09   3.33203125       2.28311978E-02
   3.66668701E-02   2.04210705E-03  0.359362364       7.70558312E-04   12249.3438       1389.11011      -3.96667480     -0.142686397       2.09875488      0.211807504       184893.938       854.971985    
   387182.906      -1.21042919       4499.80273       2.35429859       5761.03955       1.22424090       343522.375     -0.799791813       29482250.0      -1.21078575       5559.98975       1.03159904    
   8250639.00       275776.031      -860.151855      -3209.26929     -0.152832016      -2.27270694E-03  -58101.0352       239608.969       150605136.       20940786.0     -0.188034058      -2.77340668E-03
   675.235168       3209.24390       8250636.00       275776.000       5.29785380E-02  -1.96479284E-03  -150604928.      -20940786.0      -51256.8203       239608.406      0.186789036      -9.46828659E-05
  0.317413330      -1.41044823E-03  -1.53055322      -8.71438533E-04   246771.875       1149.25977      -44.9313126       5.41764088E-02  -11.1027832      -3.44206356E-02   13909.9873       1006.59082    
  -365253.719      -269026.531      -150624640.      -20958504.0       1.63281083       1.41906226E-02   1.20612260E+10   1.59234970E+09  -9064016.00      -20120584.0       6.02593994     -0.643582284    
   150624688.       20958508.0      -357001.188      -269025.719       1.35742271     -0.267806411       9344840.00       20120560.0       1.20612219E+10   1.59234982E+09   3.50000000     -0.122789726    
  -5.15747070E-03   2.93249759E-04  0.260139585       2.32284679E-03   12196.7578       1101.01355      -1.96321106     -0.106928118      -1.78833008E-02  -7.57557899E-02   184816.031       960.894348    
   349030.125      -1.09862638       4907.26318       2.56756854       4860.97168       1.23051941       381001.219     -0.586999238       27086750.0      -1.09883296       6681.26025       1.09243464    
   8212557.00       302792.625      -37.3006172      -3764.04688      -8.77075195E-02  -1.66292896E-03  -121660.070       287212.875       147512000.       23452200.0      -6.57043457E-02  -1.67437620E-03
  -150.254837       3764.05713       8212555.50       302792.594       4.65088077E-02  -1.44173647E-03  -147511840.      -23452204.0      -114791.391       287212.156      0.370367527       1.20963273E-03
  0.284859657      -9.59386351E-04  -1.49295282       1.79104949E-03   247272.938       590.480896      -50.7246780      -9.75506101E-03  -10.4577637      -6.48950739E-03   13942.9551       753.764038    
  -297339.156      -318684.375      -147526224.      -23473124.0     -0.343748391      0.104320765       1.18137160E+10   1.81880461E+09  -3822607.75      -24351170.0       1.30252075      0.222764820    
   147526272.       23473134.0      -289074.406      -318683.844       2.97070312      -5.46182357E-02   4105248.75       24351124.0       1.18137149E+10   1.81880461E+09   6.97119141      -5.39128333E-02
 -0.100718498      -2.86385929E-03  0.290116310      -1.35734316E-03   12224.7559       825.221558      -2.89654541      0.295813382     -0.979064941     -0.183702976       184730.203       1061.16638    
   304925.531     -0.981710315       4990.73828       2.77706194       3770.23364       1.22406447       392095.938     -0.377774417       23995572.0     -0.981664836       7796.17529       1.15008819    
   8175868.00       314967.344       801.333801      -3756.71094     -0.112915054       1.33111479E-03  -188342.188       290882.906       144466512.       24754648.0      -4.65850830E-02  -3.42442631E-03
  -987.674011       3756.69873       8175870.50       314967.438       6.01806827E-02  -3.63827776E-03  -144466400.      -24754646.0      -181507.688       290881.375      0.188983679      -1.15496684E-02
  0.326182842      -9.18266142E-06  -1.52140474      -1.00205792E-03   247698.453       274.412445      -47.7249146       3.25942077E-02  -10.5028687       1.31552219E-02   14015.2344       530.162659    
  -226609.125      -322519.844      -144475088.      -24776182.0       2.50000048      0.230747908       1.15640433E+10   1.94785344E+09   1794102.50      -25007214.0       7.04519653      0.613141835    
   144475168.       24776180.0      -218329.875      -322519.906       2.55273390       2.70093861E-03  -1512710.25       25007180.0       1.15640422E+10   1.94785408E+09   3.81591797      -5.28017133E-02
  -5.20706177E-02   1.72775297E-03  0.267316341      -5.72874444E-03   12301.9072       572.501404      -2.76664734      0.544992328     -0.446411133      0.176849574       184681.641       1166.99036    
   256408.734     -0.868348241       4731.10889       2.96256900       2700.45898       1.19101250       374845.812     -0.192695618       20385892.0     -0.867965579       8847.80664       1.20558560    
   8144735.50       310761.969       1416.63489      -3160.64648     -0.131957993       6.43192790E-04  -238558.141       246817.578       141830992.       24690034.0     -0.115669250       1.98919023E-03
  -1603.11670       3160.64624       8144734.50       310761.875      0.110717781      -8.52808473E-04  -141830688.      -24690032.0      -231699.078       246816.969      0.299992323      -6.05833484E-03
  0.271426678       1.64748883E-04  -1.57112944       7.54526991E-04   248026.594       114.483109      -49.0126953      -7.64373764E-02  -8.30395508       7.44420849E-03   14103.8291       354.831818    
  -173174.219      -276671.531      -141835392.      -24709358.0     -0.101561934       4.39956263E-02   1.13436836E+10   1.96360410E+09   6144205.50      -21642228.0       12.1490326     -0.105976246    
   141835376.       24709360.0      -164919.297      -276670.594       1.98242140       3.97996306E-02  -5861761.50       21642146.0       1.13436846E+10   1.96360384E+09   4.97998047      0.364741832    
   2.10981369E-02   6.37334120E-03  0.320646405      -2.48705968E-03   12396.3896       379.598419      -2.57981873      0.170655429       1.43304443      0.455439121       184613.641       1246.15332    
   206463.234     -0.765501678       4215.54541       3.10362816       1779.46216       1.10224009       336267.312      -5.24964891E-02   16542288.0     -0.764668167       9820.20312       1.25920284    
   8121703.50       292861.188       1692.02917      -2200.84351     -0.125122070      -5.75375161E-04  -262018.125       172480.219       139837904.       23459596.0       9.15069580E-02  -2.22793577E-04
  -1878.48816       2200.81787       8121704.50       292861.219      0.113037124      -8.52087396E-04  -139837584.      -23459594.0      -255195.422       172478.562      0.272336960      -5.05053392E-03
  0.314452648      -3.79854871E-04  -1.55990875       1.43699814E-04   248265.938       39.8008728      -47.4801788      -2.23416090E-02  -10.3850403      -4.45587151E-02   14194.9082       229.262833    
  -147676.703      -198806.047      -139839072.      -23472186.0      -2.87499976      0.161680177       1.11736709E+10   1.88056154E+09   8301165.50      -15621492.0       8.03692627      0.657424569    
   139839216.       23472184.0      -139426.109      -198808.328      0.667968452      -6.67059943E-02  -8021335.00       15621669.0       1.11736648E+10   1.88056205E+09   3.03759766     -0.261690736    
  -1.54628754E-02   6.48722518E-04  0.314684510      -9.77445394E-03   12494.0762       226.668015     -0.899261475      0.696636200      -1.45715332       3.99455801E-02   184532.531       1296.88196    
   158419.688     -0.676307559       3613.21509      -3.09869409       1077.45166      0.891462386       289779.688       2.69607045E-02   12767253.0     -0.675009251       10657.2988       1.31204998    
   8107201.50       266921.219       1665.40808      -1219.73853      -8.20312500E-02  -2.37593835E-04  -261103.125       94969.3281       138538064.       21515166.0      -3.81088257E-02  -8.26435920E-04
  -1851.45215       1219.73010       8107201.50       266921.219       9.35058519E-02  -7.83281866E-05  -138537792.      -21515168.0      -254256.625       94969.4688      0.322766781       3.40992381E-04
  0.303210258      -2.28933262E-04  -1.55245972       8.28132179E-05   248441.375       8.63173676      -47.6056671       2.56685400E-03  -10.4709473      -1.54361427E-02   14278.0977       136.704773    
  -147632.891      -117330.844      -138538032.      -21520502.0      -1.08203125      -3.10017988E-02   1.10597929E+10   1.73488922E+09   8411956.00      -9188883.00      0.201133728     -0.246978283    
   138538144.       21520498.0      -139356.766      -117331.203      0.109375328      -1.03132688E-02  -8132237.50       9188918.00       1.10597888E+10   1.73488922E+09   5.06079102      -5.91672100E-02
  -2.07853317E-02  -5.45237632E-03  0.332786202      -2.38497672E-03   12585.7744       113.211052      -2.51160431      0.275525331      -1.49017334     -0.455184102       184458.797       1427.28186    
   114208.094     -0.601775527       3034.01929      -3.08250070       661.300049      0.397206098       244702.500       4.13938276E-02   9247059.00     -0.599902809       11294.2539       1.36342514    
   8099583.00       237178.797       1473.00537      -386.701385     -0.148864746       1.11466470E-04  -246728.219       28693.6504       137811808.       19213312.0     -0.126884460       2.62403209E-03
  -1660.68420       386.735016       8099584.50       237178.797       2.73437556E-02   7.88460675E-05  -137811584.      -19213312.0      -239880.688       28695.6465      0.172947288       3.26513080E-03
  0.326675415      -4.28641615E-05  -1.48084950      -3.76735785E-04   248572.312      -2.42117476      -48.0323868       3.26084420E-02  -11.4236450      -3.26513080E-03   14347.2705       76.3537827    
  -161883.438      -46847.0820      -137811664.      -19210848.0       1.40234411       6.75943354E-03   1.09932349E+10   1.55638630E+09   7352517.00      -3582437.50       4.64496231     -0.243080780    
   137811760.       19210848.0      -153643.359      -46844.9805      0.714843392      -9.41077992E-03  -7071009.50       3582241.50       1.09932308E+10   1.55638656E+09   5.42846680     -0.195609659    
  -5.42726517E-02  -2.48984853E-03  0.355333030       6.07785827E-04   12660.9551       34.3311157      -4.79216003      -5.53432219E-02  -5.52120972     -0.190719426       184398.250       1433.54089    
   75187.0156     -0.540194154       2588.19214      -3.13251948       605.509583     -0.336445332       210049.516      -1.00486334E-02   6110615.00     -0.537760854       11747.7617       1.41870701    
   8097087.50       207495.859       1206.44348       183.949036     -0.133483887      -1.97348010E-04  -225858.062      -16985.9062       137517008.       16877754.0      -8.84504318E-02  -1.80247182E-03
  -1394.28809      -183.934433       8097090.00       207495.875      0.139648467      -4.87092708E-04  -137516768.      -16877754.0      -219025.969      -16985.3281      0.218088120       1.15273206E-03
  0.318598032       3.19928877E-05  -1.50074112      -5.29843564E-05   248671.891      -4.88075161      -49.3170090       5.82937570E-03  -11.5460205       1.90919708E-03   14406.2754       40.3776665    
  -183080.125       2628.29443      -137518096.      -16866690.0      0.417968750       3.41549367E-02   1.09628611E+10   1.37203968E+09   5701547.00       377841.656       6.97146606     -0.131801799    
   137518128.       16866690.0      -174803.109       2629.47363       2.49804688      -1.45063652E-02  -5420305.00      -377922.000       1.09628508E+10   1.37203981E+09   5.88214111     -0.214525759    
  -1.86209679E-02  -4.76706354E-03  0.280621886      -1.02772517E-03   12726.3096      -22.6073341      -3.30503845      -6.57744100E-03  0.379119873     -0.294719964       184317.219       1496.72595    
   41733.4609     -0.490818352       2293.13867       3.05952907       800.043396     -0.789300025       187370.984     -0.101203568       3402790.25     -0.487722158       11974.7207       1.47614813    
   8097931.50       179270.234       953.859863       575.676880     -0.124328598      -1.84755394E-04  -206050.531      -48239.8945       137508560.       14633407.0      -6.01354837E-02  -3.84399929E-04
  -1140.62366      -575.655273       8097931.00       179270.281       9.20410156E-02  -4.49332030E-04  -137508352.      -14633406.0      -199210.672      -48238.3281      0.375406563      -1.32868672E-03
  0.338542223      -3.22509441E-05  -1.48825812      -8.11945283E-05   248749.469      -3.89082336      -48.5131798       7.00171944E-03  -9.59692383      -3.34469718E-03   14451.8457       16.8250751    
  -203599.359       37323.5000      -137510992.      -14615362.0       2.53906250       3.28695215E-02   1.09568410E+10   1.19308147E+09   4091851.50       3148215.25      0.366538048       1.73147097E-02
   137511200.       14615360.0      -195328.266       37324.6875       2.16406250      -8.93090013E-03  -3811248.75      -3148356.75       1.09568461E+10   1.19308147E+09   7.58804321      -5.34817297E-03
  -6.95919991E-03  -2.33982559E-04  0.337780356       6.26216736E-03   12778.9648      -70.3702393      -4.24594498     -0.535552680      -2.59048462       2.12589875E-02   184266.969       1494.50464    
   13969.1562     -0.456757128       2154.68530       2.96070075       1089.10168      -1.02616274       177052.766     -0.198304817       1142291.75     -0.453147352       12045.6738       1.54653585    
   8100850.50       153920.703       731.018127       756.411194     -0.172607422      -1.81445328E-04  -188322.656      -62581.1406       137683248.       12603578.0      -6.69093132E-02   8.27901415E-04
  -916.740051      -756.430481       8100853.00       153920.703      0.127685547      -6.40838000E-04  -137683120.      -12603577.0      -181471.219      -62582.4141       4.99612391E-02  -1.14497008E-04
  0.306157112      -4.96709908E-05  -1.59070134      -4.02098493E-07   248810.891      -1.73319328      -46.2714005       2.46608950E-04  -10.2336578      -4.00409242E-03   14488.9082       5.64195299    
  -222090.641       54539.5742      -137688064.      -12578468.0      0.277343810       4.89209630E-02   1.09667236E+10   1.03000621E+09   2627557.50       4518410.50       5.40761375      -6.79936074E-03
   137688144.       12578465.0      -213821.250       54537.5898       2.32617211      -9.05778632E-03  -2349025.75      -4518311.50       1.09667267E+10   1.03000589E+09   6.33255005       6.20045327E-02
  -7.44119883E-02  -4.44997009E-03  0.338097870       4.18684725E-03   12822.1670      -114.496407      -5.61615372     -0.389853507      -4.55426788     -0.382173389       184191.266       1515.77930    
   8303.60547       2.76405859       2107.25098       2.88563418       1481.18848      -1.13101172       173824.453     -0.270795643       680849.375       2.76894522       12074.4531       1.64221263    
   8105013.00       130961.117       553.198792       866.937561     -0.147583008      -7.19718882E-05  -174405.641      -71152.2266       137969760.       10756263.0       1.51157379E-03   4.81437019E-04
  -739.867859      -866.941833       8105019.50       130961.094      0.101074211      -3.62792518E-04  -137969520.      -10756260.0      -167566.641      -71152.8984      0.474001348       7.01324141E-04
  0.276830196      -3.13962983E-06  -1.48180318       1.10587746E-06   248860.672      -5.53770438E-02  -46.9296875      -1.05531341E-04  -8.44552612      -3.19559593E-04   14518.7529      -2.08391237    
  -236930.188       65553.7734      -137976832.      -10725147.0      0.617187738       2.84591764E-02   1.09864817E+10   880907584.       1460519.75       5379927.00       8.90035820     -0.167984486    
   137976832.       10725149.0      -228659.312       65553.2031       1.35546863      -7.13822944E-03  -1179424.75      -5379864.50       1.09864827E+10   880907392.       4.89105225      -3.08119692E-02
  -5.41161299E-02  -1.46514247E-03  0.380785555      -2.13782326E-03   12862.0898      -167.731506      -5.01708412      0.257679909      -3.89171410     -0.101620242       184132.375       1523.98755    
   25350.1074       2.78260064       2114.35254       2.85218954       2302.25146      -1.13979340       174727.047     -0.302341670       2084171.00       2.78793645       12417.7334       1.82196963    
   8109667.50       111204.281       424.939728       891.340637     -0.135803223      -9.41541075E-05  -164234.484      -72720.4922       138305984.       9159974.00      -2.38571167E-02   3.30117764E-04
  -613.208618      -891.337891       8109671.50       111204.242       3.08837853E-02  -8.44524693E-05  -138305792.      -9159971.00      -157394.656      -72720.4141       7.96645880E-04   1.72462256E-03
  0.297088623      -2.18175828E-05  -1.54675078       1.87964506E-05   248900.938       1.33342946      -46.9652252      -1.69731502E-03  -10.9027786      -1.84295524E-03   14543.4277      -5.56606150    
  -247886.734       69203.4766      -138315008.      -9122898.00     -0.687499702       5.31780114E-03   1.10109962E+10   751465600.       592964.438       5643046.00       7.10709000       1.87196191E-02
   138315200.       9122898.00      -239619.031       69203.3281       2.96875000      -9.58934426E-03  -310860.406      -5643051.50       1.10109921E+10   751465600.       2.61633301      -1.24279631E-03
  -7.28883743E-02  -3.13733239E-03  0.347957909       5.48851117E-03   12911.7773      -272.291473      -1.48110390     -0.429716229      -2.78099060     -0.247161120       184005.312       1562.23767    
   37526.2539       2.81397557       2137.26807       2.85469580       4516.29932     -0.645968020       176684.250     -0.298440844       3093774.25       2.82006121       12993.8223       2.46590233    
   8114680.00       93737.2812       326.187775       889.744263     -0.122314438       2.35068292E-05  -156519.391      -72233.9922       138677632.       7744216.50      -5.56774139E-02  -8.02662747E-04
  -514.332031      -889.760559       8114682.50       93737.2812      0.171386719       4.04055027E-05  -138677376.      -7744215.00      -149689.953      -72235.3047      0.271238863       7.57894013E-04
  0.323283672      -2.12036484E-05  -1.58087027       2.73243786E-05   248934.891       2.57449102      -47.0125275      -2.25804467E-03  -10.8555756      -1.67295500E-03   14564.5186      -5.93673182    
  -256409.188       70343.2500      -138689344.      -7702747.50     -0.652343452      -2.12191278E-03   1.10388787E+10   636368960.      -73491.2891       5706933.50      0.606815338      -5.13704158E-02
   138689488.       7702747.00      -248145.828       70342.8359       1.38867211       6.20126817E-03   355005.719      -5706893.00       1.10388705E+10   636369024.       8.43054199       3.51139568E-02
   4.77790833E-04   1.31194724E-03  0.301667750      -1.14794588E-02   13073.1143      -369.204926      -2.24604416      0.962016702      -1.83599854       7.21380487E-02   183649.281       1102.23254    
   45250.6641       2.84943628       2164.63110       2.88933301       2676.42700      0.623433590       178811.562     -0.263385117       3741629.50       2.85623288       863.075073       3.12867832    
   8119608.00       78688.6016       247.069824       899.423218     -0.156005859       3.92079273E-05  -150477.328      -72708.6484       139048720.       6521495.50     -0.113792419      -3.92615504E-04
  -434.610413      -899.419617       8119612.00       78688.5938       9.89990383E-02  -2.81681074E-04  -139048416.      -6521496.50      -143642.969      -72708.5469      0.230920792      -9.60979552E-04
  0.336913466       5.86001033E-06  -1.47998035       8.53224810E-06   248964.391     -0.531324148      -50.5427017      -8.32567050E-04  -10.7164307       4.32407629E-04   14578.8975      -2.73978673E-02
  -263211.156       72088.4609      -139062800.      -6475795.50     -0.699218333       6.90932013E-03   1.10671473E+10   536687744.      -599908.125       5823595.00       6.57610321       3.78608704E-02
   139062896.       6475794.00      -254956.578       72089.8281       2.90234399       8.61814246E-03   881543.750      -5823705.50       1.10671380E+10   536687584.       3.49060059       1.62988491E-02
  -4.07791138E-02  -9.78886033E-04  0.334397078       9.27487854E-04   13026.1709       227.157089      -1.03544617     -0.145140409      -1.49166870      -8.25978145E-02   184123.047      0.831671059    
   48912.3555       2.89112186       2198.06714       2.95011950       1039.45312      0.800401807       181256.672     -0.202838153       4058230.00       2.89857888       2669.23901       1.37403309    
   8124262.00       65658.7578       205.000061       922.722473     -0.113891602       9.46239816E-05  -147250.156      -74126.2969       139402480.       5460743.50      -2.54631042E-03   2.87616509E-04
  -391.956573      -922.727539       8124266.00       65658.7578       2.90527306E-02   7.81482013E-05  -139402096.      -5460743.00      -140404.172      -74126.2344      0.256104946       6.22247244E-05
  0.304434657      -1.05652398E-05  -1.57652915       3.17996964E-05   248989.500     -0.361814708      -51.8452148      -2.92171002E-03  -9.60604095      -7.72969332E-04   14591.8916      -1.91192520    
  -267107.812       74848.0859      -139418864.      -5411037.50      0.250000030       3.41479783E-04   1.10943508E+10   450016544.      -895231.438       6009625.50       3.89026642       2.64385939E-02
   139419024.       5411037.50      -258865.016       74848.1016       3.28125000       1.01276785E-02   1178614.25      -6009618.50       1.10943427E+10   450016544.       3.26477051      -2.83191632E-02
  -5.18524647E-02  -4.21745353E-04  0.360604048       4.78784670E-04   12974.1309       123.261665      -3.57287979      -4.16158959E-02  -2.08160400      -2.53102519E-02   184202.281       427.812408    
   48882.2461       2.94268346       2259.45190       3.02462292       484.928925      0.710338473       185833.641     -0.128553718       4072121.00       2.95090103       2717.90161       1.46362889    
   8128695.00       54403.2812       163.418732       1001.01666     -0.115356453       1.25458086E-04  -144176.578      -80237.5938       139740832.       4541640.00     -0.118263245       6.67760614E-04
  -349.024445      -1001.01868       8128697.50       54403.2617       9.44824293E-02  -1.46479855E-04  -139740400.      -4541639.00      -137343.031      -80237.7344      0.275696814      -3.14092147E-04
  0.299323022      -9.52305436E-06  -1.51485634       8.09515859E-06   249011.609     -0.188065499      -46.4909248      -6.12173870E-04  -10.2259293      -7.36119749E-04   14603.1709      -2.09233141    
  -270899.188       81856.6250      -139759696.      -4489069.50      0.683593571       4.83517069E-03   1.11205663E+10   374743328.      -1177311.25       6558985.00       5.51457214       1.34933703E-02
   139759808.       4489070.00      -262634.812       81856.2812       2.95703149       2.16703787E-02   1459142.88      -6558954.00       1.11205530E+10   374743360.       4.03344727       6.04208224E-02
  -6.92587495E-02  -4.79233393E-04  0.386194795       8.37938860E-04   12973.9219       61.1820145      -6.23137474      -8.48056003E-02  -3.05621338      -2.01709755E-02   184204.203       511.351501    
   45065.5273       3.01835537       2410.72095       3.12018466       237.165955      0.555993438       197523.016      -3.35826278E-02   3776384.25       3.02745938       2095.55542       1.52482283    
   8132556.00       43982.4336       125.428543       1198.73816     -0.103515625       1.77347581E-04  -141474.969      -95993.6172       140034048.       3691731.00      -3.96900177E-02  -1.06480112E-03
  -313.732056      -1198.73962       8132562.50       43982.4258       6.17675744E-02   7.20813623E-05  -140033776.      -3691730.75      -134642.266      -95993.5703      0.164522946      -5.44364622E-04
  0.302241623      -3.58103853E-06  -1.55810428      -5.22843322E-07   249033.312     -0.130001813      -51.3108101      -8.93565521E-05  -8.29789734      -3.37236852E-04   14613.4424      -2.83524513    
  -274205.469       98665.9453      -140055536.      -3633348.75      0.632812381      -1.05226571E-02   1.11433595E+10   304962240.      -1421808.62       7899550.00       10.7137985       1.65103993E-03
   140055664.       3633349.00      -265930.688       98666.1250       1.29296911       2.14652941E-02   1703149.75      -7899546.50       1.11433503E+10   304962272.       4.70739746      -1.68453921E-02
  -7.19428286E-02   2.09371006E-04  0.329043627       1.04984606E-03   12983.8311       29.1541557      -1.94972420      -5.67574874E-02  -2.11305523       2.90008746E-02   184202.266       508.642517    
   35877.1328      -3.12804866       2862.33887      -3.00757074       104.260895      0.352015585       233451.297      0.121442467       3043387.75      -3.11645269       1279.56787       1.56197727    
   8135793.50       32120.2832       41.0124626       1740.29419      -8.72192383E-02   2.24340620E-04  -135014.516      -139653.297       140274672.       2726112.50     -0.155693054      -3.66242457E-04
  -227.804993      -1740.29333       8135795.50       32120.2969       5.92041016E-02   4.12339112E-04  -140274432.      -2726112.50      -128163.000      -139653.172     -0.103171885      -3.27251590E-04
  0.342286289      -5.33456978E-06  -1.49536538       3.71298165E-06   249050.656     -0.116885848      -49.9792633      -3.85640888E-04  -9.56332397      -3.06495262E-04   14621.8184      -2.00799155    
  -281506.250       143775.562      -140300464.      -2656426.50     -0.226562351      -1.87054984E-02   1.11619625E+10   225449088.      -1978680.00       11537172.0       5.97084808       1.51587129E-02
   140300624.       2656427.75      -273257.875       143775.625       1.34765649      -1.08272368E-02   2260024.75      -11537167.0       1.11619543E+10   225449168.       5.10131836     -0.113622062    
  -5.33597767E-02   2.06399345E-04  0.324992776      -7.68953934E-04   12991.4824       16.0132427      -1.31913090      0.125614956      -1.56808472       1.32095581E-02   184204.281       477.773438    
   4971.52686       3.08409762       4413.55762      -2.36170173       26.9845982      0.128672346       358540.062      0.768522203       513092.156      -2.98104572       456.632080       1.52250528    
   8140431.50       4319.74170      -666.128845       2586.31812     -0.125305131      -4.81762108E-05  -78180.8359      -210466.578       140619744.       440661.219      -7.69996643E-02   7.88038888E-04
   479.469208      -2586.30664       8140429.00       4319.73730       2.53906306E-02   3.76056472E-04  -140619408.      -440660.969      -71350.5156      -210465.625      -3.67650315E-02   1.51285378E-03
  0.317872584       3.03430147E-06  -1.56065941      -2.44534544E-06   249066.406      -2.89081614E-02  -49.2425613       2.02638577E-04  -8.87744904       2.69380631E-04   14629.0439      -1.65217757    
  -340258.031       214050.172      -140664608.      -357701.812      0.789062023      -4.12251940E-03   1.11893135E+10   36484612.0      -6698099.50       17418824.0     -0.373190880       7.67067447E-02
   140664784.       357702.188      -332020.219       214051.312       2.74804688       4.68131807E-03   6980568.50      -17418934.0       1.11893053E+10   36484624.0       4.61694336      -6.15506619E-02
  -2.96619534E-02  -4.66390375E-05  0.422832727       1.20819226E-04   12999.8164       4.00185680      -4.70324326      -1.64941363E-02   2.92625427E-02  -3.80831864E-03   184217.203       435.536957    
   47843.8633       2.37634420       1346.39600      -1.35568178       17.7214203       2.99211502       106082.359       1.76440179       3901233.75       2.37786484       329.161499      -1.24659431    
   8152595.50       30463.9336      -393.841461      -942.796265     -0.112487786       1.37939132E-04  -99881.2344       74330.9844       141622224.       2487456.25     -0.160612524      -1.59802585E-04
   206.822708       942.802979       8152592.50       30463.9297      0.132812500      -4.92575919E-06  -141621728.      -2487456.25      -93043.9922       74331.5078      0.323755562      -1.08116434E-03
  0.300540984      -5.78712161E-07  -1.49292767       2.14253555E-06   249080.078       2.59237215E-02  -43.6597748      -1.76344649E-04  -8.76815414      -6.61682570E-05   14635.8682      -1.84681296    
  -317835.656      -78045.0703      -141653696.      -2523498.25      0.433594376       4.11025323E-02   1.12712581E+10   206051104.      -4918424.00      -6152901.00       2.75667191       1.68325398E-02
   141653888.       2523497.50      -309588.125      -78044.8203       1.97460949      -2.47574365E-03   5200506.00       6152889.50       1.12712509E+10   206051088.       6.49597168      -1.78978890E-02
   8.39054585E-04   1.63964112E-04  0.400847375       1.99337082E-04   13009.3418      -2.20492125      -3.63080406      -4.07496607E-03  -3.44543457E-02   1.88567061E-02   184227.219       394.347778    
   35302.3945       2.75108862       510.203278      -1.69269133       44.8697929       2.72894359       40831.0664       1.39755380       2919008.75       2.75339580       1014.23883      -1.33585680    
   8151215.50       31745.8750      -99.5598373      -618.962097      -8.88671875E-02  -3.24456487E-05  -123377.664       49353.4844       141499376.       2626006.50      -4.68893051E-02   1.72097818E-04
  -86.1955719       618.957581       8151216.50       31745.8828       5.31005822E-02  -3.00305655E-05  -141499008.      -2626007.00      -116530.062       49353.0391      0.165831491       2.56425759E-04
  0.305167377      -1.18653372E-06  -1.50415337       5.16377486E-06   249092.219       7.96813071E-02  -50.0954590      -3.80389945E-04  -8.23087692      -7.57230373E-05   14641.7178      -1.47437608    
  -293716.531      -51128.5312      -141523088.      -2631652.00      0.105468623       2.87110242E-03   1.12601170E+10   217693392.      -2986542.50      -4076182.50       10.0605679      -9.36212111E-03
   141523216.       2631652.00      -285475.031      -51128.8906       1.93750048      -5.90349268E-03   3268980.75       4076225.00       1.12601068E+10   217693392.       4.14166260       5.28684491E-03
   5.85871935E-03  -1.09282111E-04  0.265204936       5.21886628E-04   13015.8691      -7.58919716      -2.45273113      -4.15237620E-02   2.96887970      -8.81140865E-03   184237.500       353.693390    
   24576.7930       2.88182282       342.939453      -2.08355808       62.2747841       2.47446394       27966.5527       1.01442206       2043122.62       2.88373661       1614.22961      -1.31960928    
   8152547.00       28140.7578      -31.9894428      -360.483643      -9.13696289E-02  -7.74186847E-05  -128949.914       28974.9121       141595056.       2338427.75     -0.142625809       1.13750131E-04
  -155.458832       360.481201       8152550.50       28140.7520       2.42919885E-02  -1.54437512E-04  -141594944.      -2338427.25      -122130.352       28974.7402      0.104476497      -2.57048639E-04
  0.358887702       4.99878524E-07  -1.46887803       6.62078673E-06   249103.734      0.100152224      -52.3275146      -4.92935767E-04  -11.3975067       5.88745788E-05   14646.7969      -1.19134128    
  -288250.094      -29660.6035      -141618320.      -2334676.00       3.51564921E-02   1.49687231E-02   1.12671027E+10   194011280.      -2534467.75      -2383456.00       2.89960861       5.50266244E-02
   141618336.       2334676.00      -280011.031      -29660.8496       1.61718750      -1.04317982E-02   2816638.00       2383484.00       1.12670884E+10   194011280.       4.87072754      -1.00100115E-02
  -2.86847353E-02   8.97559628E-04  0.286977232      -1.17082649E-03   13021.3193      -10.9365759      -4.45268917       7.88999349E-02   1.92074585       7.28569627E-02   184248.672       332.174744    
   14898.4658       2.96053958       231.791229      -2.10910487       72.0237503       2.21764731       18805.0195       1.00167632       1242117.88       2.96159172       2177.74243      -1.28721404    
   8154310.00       24916.9492      -9.11595726      -186.375839     -0.116516113      -7.82909774E-06  -130968.102       15121.0117       141727040.       2076462.62     -0.158684731       1.61366799E-04
  -178.097397       186.373367       8154309.00       24916.9414       6.29882738E-02  -1.11262343E-04  -141726848.      -2076462.00      -124142.516       15120.8857      0.199490055      -2.05834353E-04
  0.331537992      -8.70297697E-07  -1.51446629       5.00958413E-06   249114.703       7.42323175E-02  -48.8709412      -4.87366720E-04  -10.1925583      -4.76765563E-05   14651.5820      -1.09203875    
  -286450.938      -15278.2305      -141750416.      -2069357.00      -1.07031190       1.26423100E-02   1.12771359E+10   172454256.      -2378137.00      -1238941.75       2.14801025      -1.46697101E-04
   141750480.       2069357.50      -278204.812      -15278.3408       2.75781250       4.95675718E-04   2657391.00       1238963.88       1.12771400E+10   172454272.       6.49615479       7.98032153E-03
  -2.65389681E-02   1.28818385E-03  0.321407408      -4.49145242E-04   13027.0801      -8.84200954      -4.83003712       2.90460251E-02  0.444869995       9.75829065E-02   184259.781       323.023285    
   5925.55371       3.01158690       126.713669      -1.49699569       92.6681366       2.02087235       10112.2295       1.64855731       494824.406       3.01175356       2922.31860      -1.22100985    
   8156055.50       22485.1562     -0.661213398      -90.1217270      -7.85522237E-02  -4.27141749E-05  -131891.422       7352.06934       141858592.       1876568.00      -4.54206467E-02  -2.64611386E-04
  -187.302643       90.1140594       8156053.50       22485.1602       5.00488207E-02  -6.52053859E-05  -141858368.      -1876568.62      -125069.070       7351.45410       8.89656544E-02  -1.52387802E-04
  0.307863832      -1.34003812E-06  -1.48297679       4.82026098E-06   249125.406       6.73255771E-02  -46.1148872      -4.35279828E-04  -9.29790115      -1.00174308E-04   14655.9297      -1.04755044    
  -285697.094      -7281.14502      -141882048.      -1869042.12      -1.37109351       5.39309578E-03   1.12871762E+10   155989552.      -2306779.50      -593520.688       6.89184380       1.34573784E-03
   141882096.       1869042.25      -277446.406      -7281.51611       2.46289062      -3.18218814E-03   2586050.25       593544.312       1.12871772E+10   155989536.       5.67126465      -1.06449379E-02
   4.72408533E-02  -7.56032532E-05  0.373511851      -3.47656838E-04   13033.6035      -11.2393570      -6.35248470       2.74137389E-02   2.17101288      -3.08461278E-03   184263.531       350.145782    
   2247.46558       8.11918359E-03   190.615158     -0.375915557       219.685822       2.46511507       15914.9170       2.77939820       187815.625       5.97148994E-03   5808.08154     -0.661212802    
   8157746.50       20305.0840       6.53577185      -17.8756561      -7.05566406E-02   3.16060396E-05  -132452.469       1507.47449       141987472.       1696722.50     -0.254847527       3.89289853E-05
  -193.140686       17.8721886       8157741.00       20305.0820       8.30077976E-02   1.59797964E-05  -141987104.      -1696722.50      -125603.719       1507.16187      0.454359353      -2.52308469E-04
  0.318846971       1.55416558E-06  -1.44446039      -3.56999514E-08   249134.328       5.08914404E-02  -44.9219894      -2.66116103E-07  -9.10347366       1.34791611E-04   14659.7168      -1.14716530    
  -285297.031      -1251.33240      -142010960.      -1689870.00      -1.31640637      -1.21799053E-03   1.12970527E+10   141208400.      -2268246.50      -105693.305       7.16296959       2.60668471E-02
   142011184.       1689869.88      -277068.844      -1251.49231       3.92382812       3.08086397E-03   2550457.00       105705.297       1.12970496E+10   141208416.       6.85968018       3.98632791E-03
   3.45119834E-02  -1.58605195E-04  0.364839256      -6.20826031E-04   13041.8672      -16.0147228      -4.16033268       5.16621657E-02   1.46238708      -6.76196441E-03   184172.156       410.992767    
