  2   0
     1 -0.4974740E+01 -0.4922690E+00 -0.4902120E-01
     2 -0.4974740E+01 -0.5019380E+00  0.0000000E+00
     3 -0.5000000E+01  0.0000000E+00  0.0000000E+00
     4 -0.4901880E+01 -0.9667190E+00 -0.9626790E-01
     5 -0.4901880E+01 -0.9857060E+00  0.0000000E+00
     6 -0.4777710E+01 -0.1445890E+01 -0.1439850E+00
     7 -0.4777710E+01 -0.1474290E+01  0.0000000E+00
     8 -0.4599920E+01 -0.1922030E+01 -0.1914000E+00
     9 -0.4599920E+01 -0.1959780E+01  0.0000000E+00
    10 -0.4370160E+01 -0.2382550E+01 -0.2372590E+00
    11 -0.4370160E+01 -0.2429340E+01  0.0000000E+00
    12 -0.4093820E+01 -0.2815350E+01 -0.2803590E+00
    13 -0.4093820E+01 -0.2870650E+01  0.0000000E+00
    14 -0.3769960E+01 -0.3221160E+01 -0.3207690E+00
    15 -0.3769960E+01 -0.3284420E+01  0.0000000E+00
    16 -0.3403070E+01 -0.3592650E+01 -0.3577640E+00
    17 -0.3403070E+01 -0.3663220E+01  0.0000000E+00
    18 -0.2999130E+01 -0.3923590E+01 -0.3907190E+00
    19 -0.2999130E+01 -0.4000650E+01  0.0000000E+00
    20 -0.2565330E+01 -0.4209080E+01 -0.4191490E+00
    21 -0.2565330E+01 -0.4291750E+01  0.0000000E+00
    22 -0.2109580E+01 -0.4445860E+01 -0.4427280E+00
    23 -0.2109580E+01 -0.4533170E+01  0.0000000E+00
    24 -0.1640110E+01 -0.4632370E+01 -0.4613010E+00
    25 -0.1640110E+01 -0.4723350E+01  0.0000000E+00
    26 -0.1165000E+01 -0.4768720E+01 -0.4748800E+00
    27 -0.1165000E+01 -0.4862380E+01  0.0000000E+00
    28 -0.6694180E+00 -0.4859540E+01 -0.4839230E+00
    29 -0.6694180E+00 -0.4954990E+01  0.0000000E+00
    30 -0.1802750E+00 -0.4900500E+01 -0.4880020E+00
    31 -0.1802750E+00 -0.4996750E+01  0.0000000E+00
    32  0.2514990E+00 -0.4897480E+01 -0.4877020E+00
    33  0.2514990E+00 -0.4993670E+01  0.0000000E+00
    34  0.7427640E+00 -0.4849280E+01 -0.4829020E+00
    35  0.7427640E+00 -0.4944520E+01  0.0000000E+00
    36  0.1229870E+01 -0.4753030E+01 -0.4733170E+00
    37  0.1229870E+01 -0.4846380E+01  0.0000000E+00
    38  0.1717950E+01 -0.4605150E+01 -0.4585910E+00
    39  0.1717950E+01 -0.4695600E+01  0.0000000E+00
    40  0.2198690E+01 -0.4404130E+01 -0.4385730E+00
    41  0.2198690E+01 -0.4490630E+01  0.0000000E+00
    42  0.2652940E+01 -0.4156510E+01 -0.4139140E+00
    43  0.2652940E+01 -0.4238150E+01  0.0000000E+00
    44  0.3081460E+01 -0.3861740E+01 -0.3845600E+00
    45  0.3081460E+01 -0.3937590E+01  0.0000000E+00
    46  0.3478620E+01 -0.3522370E+01 -0.3507650E+00
    47  0.3478620E+01 -0.3591550E+01  0.0000000E+00
    48  0.3837450E+01 -0.3143560E+01 -0.3130430E+00
    49  0.3837450E+01 -0.3205300E+01  0.0000000E+00
    50  0.4152240E+01 -0.2731830E+01 -0.2720410E+00
    51  0.4152240E+01 -0.2785480E+01  0.0000000E+00
    52  0.4418810E+01 -0.2294620E+01 -0.2285030E+00
    53  0.4418810E+01 -0.2339690E+01  0.0000000E+00
    54  0.4634700E+01 -0.1839910E+01 -0.1832220E+00
    55  0.4634700E+01 -0.1876050E+01  0.0000000E+00
    56  0.4799190E+01 -0.1375750E+01 -0.1370000E+00
    57  0.4799190E+01 -0.1402770E+01  0.0000000E+00
    58  0.4913180E+01 -0.9098530E+00 -0.9060500E-01
    59  0.4913180E+01 -0.9277230E+00  0.0000000E+00
    60  0.4981460E+01 -0.4219470E+00 -0.4201830E-01
    61  0.4981460E+01 -0.4302340E+00  0.0000000E+00
    62  0.5000000E+01  0.0000000E+00  0.0000000E+00
    63 -0.4974740E+01 -0.4679330E+00 -0.9080290E-01
    64 -0.4901880E+01 -0.9189260E+00 -0.1783190E+00
    65 -0.4777710E+01 -0.1374410E+01 -0.2667060E+00
    66 -0.4599920E+01 -0.1827010E+01 -0.3545330E+00
    67 -0.4370160E+01 -0.2264760E+01 -0.4394800E+00
    68 -0.4093820E+01 -0.2676170E+01 -0.5193140E+00
    69 -0.3769960E+01 -0.3061910E+01 -0.5941670E+00
    70 -0.3403070E+01 -0.3415040E+01 -0.6626930E+00
    71 -0.2999130E+01 -0.3729610E+01 -0.7237360E+00
    72 -0.2565330E+01 -0.4000990E+01 -0.7763970E+00
    73 -0.2109580E+01 -0.4226060E+01 -0.8200730E+00
    74 -0.1640110E+01 -0.4403350E+01 -0.8544760E+00
    75 -0.1165000E+01 -0.4532970E+01 -0.8796280E+00
    76 -0.6694180E+00 -0.4619300E+01 -0.8963800E+00
    77 -0.1802750E+00 -0.4658230E+01 -0.9039350E+00
    78  0.2514990E+00 -0.4655360E+01 -0.9033780E+00
    79  0.7427640E+00 -0.4609540E+01 -0.8944870E+00
    80  0.1229870E+01 -0.4518050E+01 -0.8767330E+00
    81  0.1717950E+01 -0.4377480E+01 -0.8494560E+00
    82  0.2198690E+01 -0.4186400E+01 -0.8123760E+00
    83  0.2652940E+01 -0.3951020E+01 -0.7667010E+00
    84  0.3081460E+01 -0.3670820E+01 -0.7123280E+00
    85  0.3478620E+01 -0.3348230E+01 -0.6497280E+00
    86  0.3837450E+01 -0.2988150E+01 -0.5798550E+00
    87  0.4152240E+01 -0.2596770E+01 -0.5039070E+00
    88  0.4418810E+01 -0.2181180E+01 -0.4232600E+00
    89  0.4634700E+01 -0.1748950E+01 -0.3393860E+00
    90  0.4799190E+01 -0.1307740E+01 -0.2537680E+00
    91  0.4913180E+01 -0.8648720E+00 -0.1678290E+00
    92  0.4981460E+01 -0.4010860E+00 -0.7783130E-01
    93 -0.4974740E+01 -0.4315750E+00 -0.1281450E+00
    94 -0.4901880E+01 -0.8475280E+00 -0.2516500E+00
    95 -0.4777710E+01 -0.1267620E+01 -0.3763850E+00
    96 -0.4599920E+01 -0.1685060E+01 -0.5003310E+00
    97 -0.4370160E+01 -0.2088800E+01 -0.6202110E+00
    98 -0.4093820E+01 -0.2468240E+01 -0.7328760E+00
    99 -0.3769960E+01 -0.2824010E+01 -0.8385110E+00
   100 -0.3403070E+01 -0.3149700E+01 -0.9352180E+00
   101 -0.2999130E+01 -0.3439830E+01 -0.1021360E+01
   102 -0.2565330E+01 -0.3690120E+01 -0.1095680E+01
   103 -0.2109580E+01 -0.3897710E+01 -0.1157320E+01
   104 -0.1640110E+01 -0.4061230E+01 -0.1205870E+01
   105 -0.1165000E+01 -0.4180770E+01 -0.1241370E+01
   106 -0.6694180E+00 -0.4260390E+01 -0.1265010E+01
   107 -0.1802750E+00 -0.4296300E+01 -0.1275670E+01
   108  0.2514990E+00 -0.4293650E+01 -0.1274880E+01
   109  0.7427640E+00 -0.4251390E+01 -0.1262340E+01
   110  0.1229870E+01 -0.4167010E+01 -0.1237280E+01
   111  0.1717950E+01 -0.4037360E+01 -0.1198790E+01
   112  0.2198690E+01 -0.3861130E+01 -0.1146460E+01
   113  0.2652940E+01 -0.3644040E+01 -0.1082000E+01
   114  0.3081460E+01 -0.3385610E+01 -0.1005270E+01
   115  0.3478620E+01 -0.3088080E+01 -0.9169210E+00
   116  0.3837450E+01 -0.2755980E+01 -0.8183130E+00
   117  0.4152240E+01 -0.2395010E+01 -0.7111330E+00
   118  0.4418810E+01 -0.2011710E+01 -0.5973210E+00
   119  0.4634700E+01 -0.1613060E+01 -0.4789540E+00
   120  0.4799190E+01 -0.1206130E+01 -0.3581270E+00
   121  0.4913180E+01 -0.7976730E+00 -0.2368470E+00
   122  0.4981460E+01 -0.3699230E+00 -0.1098390E+00
   123 -0.4974740E+01 -0.3914990E+00 -0.1570590E+00
   124 -0.4901880E+01 -0.7688260E+00 -0.3084320E+00
   125 -0.4777710E+01 -0.1149910E+01 -0.4613120E+00
   126 -0.4599920E+01 -0.1528580E+01 -0.6132250E+00
   127 -0.4370160E+01 -0.1894830E+01 -0.7601540E+00
   128 -0.4093820E+01 -0.2239040E+01 -0.8982410E+00
   129 -0.3769960E+01 -0.2561770E+01 -0.1027710E+01
   130 -0.3403070E+01 -0.2857220E+01 -0.1146240E+01
   131 -0.2999130E+01 -0.3120410E+01 -0.1251820E+01
   132 -0.2565330E+01 -0.3347460E+01 -0.1342910E+01
   133 -0.2109580E+01 -0.3535760E+01 -0.1418450E+01
   134 -0.1640110E+01 -0.3684100E+01 -0.1477960E+01
   135 -0.1165000E+01 -0.3792540E+01 -0.1521460E+01
   136 -0.6694180E+00 -0.3864770E+01 -0.1550440E+01
   137 -0.1802750E+00 -0.3897340E+01 -0.1563510E+01
   138  0.2514990E+00 -0.3894940E+01 -0.1562540E+01
   139  0.7427640E+00 -0.3856610E+01 -0.1547170E+01
   140  0.1229870E+01 -0.3780060E+01 -0.1516460E+01
   141  0.1717950E+01 -0.3662450E+01 -0.1469280E+01
   142  0.2198690E+01 -0.3502580E+01 -0.1405140E+01
   143  0.2652940E+01 -0.3305650E+01 -0.1326140E+01
   144  0.3081460E+01 -0.3071220E+01 -0.1232090E+01
   145  0.3478620E+01 -0.2801320E+01 -0.1123810E+01
   146  0.3837450E+01 -0.2500060E+01 -0.1002960E+01
   147  0.4152240E+01 -0.2172610E+01 -0.8715920E+00
   148  0.4418810E+01 -0.1824900E+01 -0.7321000E+00
   149  0.4634700E+01 -0.1463270E+01 -0.5870240E+00
   150  0.4799190E+01 -0.1094130E+01 -0.4389340E+00
   151  0.4913180E+01 -0.7236010E+00 -0.2902890E+00
   152  0.4981460E+01 -0.3355720E+00 -0.1346220E+00
   153 -0.4974740E+01 -0.3474340E+00 -0.1811290E+00
   154 -0.4901880E+01 -0.6822910E+00 -0.3557020E+00
   155 -0.4777710E+01 -0.1020480E+01 -0.5320110E+00
   156 -0.4599920E+01 -0.1356530E+01 -0.7072060E+00
   157 -0.4370160E+01 -0.1681560E+01 -0.8766530E+00
   158 -0.4093820E+01 -0.1987020E+01 -0.1035900E+01
   159 -0.3769960E+01 -0.2273430E+01 -0.1185220E+01
   160 -0.3403070E+01 -0.2535620E+01 -0.1321910E+01
   161 -0.2999130E+01 -0.2769190E+01 -0.1443670E+01
   162 -0.2565330E+01 -0.2970680E+01 -0.1548720E+01
   163 -0.2109580E+01 -0.3137800E+01 -0.1635840E+01
   164 -0.1640110E+01 -0.3269430E+01 -0.1704470E+01
   165 -0.1165000E+01 -0.3365670E+01 -0.1754640E+01
   166 -0.6694180E+00 -0.3429770E+01 -0.1788060E+01
   167 -0.1802750E+00 -0.3458680E+01 -0.1803130E+01
   168  0.2514990E+00 -0.3456550E+01 -0.1802020E+01
   169  0.7427640E+00 -0.3422530E+01 -0.1784280E+01
   170  0.1229870E+01 -0.3354590E+01 -0.1748870E+01
   171  0.1717950E+01 -0.3250230E+01 -0.1694450E+01
   172  0.2198690E+01 -0.3108350E+01 -0.1620490E+01
   173  0.2652940E+01 -0.2933580E+01 -0.1529380E+01
   174  0.3081460E+01 -0.2725540E+01 -0.1420920E+01
   175  0.3478620E+01 -0.2486020E+01 -0.1296050E+01
   176  0.3837450E+01 -0.2218660E+01 -0.1156670E+01
   177  0.4152240E+01 -0.1928070E+01 -0.1005170E+01
   178  0.4418810E+01 -0.1619500E+01 -0.8442990E+00
   179  0.4634700E+01 -0.1298570E+01 -0.6769900E+00
   180  0.4799190E+01 -0.9709780E+00 -0.5062040E+00
   181  0.4913180E+01 -0.6421560E+00 -0.3347780E+00
   182  0.4981460E+01 -0.2978010E+00 -0.1552540E+00
   183 -0.4974740E+01 -0.3008980E+00 -0.2008740E+00
   184 -0.4901880E+01 -0.5909040E+00 -0.3944770E+00
   185 -0.4777710E+01 -0.8837950E+00 -0.5900060E+00
   186 -0.4599920E+01 -0.1174830E+01 -0.7842990E+00
   187 -0.4370160E+01 -0.1456330E+01 -0.9722180E+00
   188 -0.4093820E+01 -0.1720880E+01 -0.1148830E+01
   189 -0.3769960E+01 -0.1968920E+01 -0.1314420E+01
   190 -0.3403070E+01 -0.2196000E+01 -0.1466010E+01
   191 -0.2999130E+01 -0.2398280E+01 -0.1601050E+01
   192 -0.2565330E+01 -0.2572780E+01 -0.1717550E+01
   193 -0.2109580E+01 -0.2717510E+01 -0.1814170E+01
   194 -0.1640110E+01 -0.2831520E+01 -0.1890270E+01
   195 -0.1165000E+01 -0.2914870E+01 -0.1945910E+01
   196 -0.6694180E+00 -0.2970380E+01 -0.1982970E+01
   197 -0.1802750E+00 -0.2995410E+01 -0.1999690E+01
   198  0.2514990E+00 -0.2993570E+01 -0.1998460E+01
   199  0.7427640E+00 -0.2964110E+01 -0.1978790E+01
   200  0.1229870E+01 -0.2905270E+01 -0.1939510E+01
   201  0.1717950E+01 -0.2814880E+01 -0.1879170E+01
   202  0.2198690E+01 -0.2692010E+01 -0.1797140E+01
   203  0.2652940E+01 -0.2540650E+01 -0.1696100E+01
   204  0.3081460E+01 -0.2360480E+01 -0.1575810E+01
   205  0.3478620E+01 -0.2153030E+01 -0.1437330E+01
   206  0.3837450E+01 -0.1921490E+01 -0.1282760E+01
   207  0.4152240E+01 -0.1669820E+01 -0.1114740E+01
   208  0.4418810E+01 -0.1402580E+01 -0.9363370E+00
   209  0.4634700E+01 -0.1124640E+01 -0.7507890E+00
   210  0.4799190E+01 -0.8409230E+00 -0.5613860E+00
   211  0.4913180E+01 -0.5561440E+00 -0.3712720E+00
   212  0.4981460E+01 -0.2579130E+00 -0.1721790E+00
   213 -0.4974740E+01 -0.2535710E+00 -0.2165890E+00
   214 -0.4901880E+01 -0.4979640E+00 -0.4253380E+00
   215 -0.4777710E+01 -0.7447870E+00 -0.6361630E+00
   216 -0.4599920E+01 -0.9900510E+00 -0.8456560E+00
   217 -0.4370160E+01 -0.1227270E+01 -0.1048280E+01
   218 -0.4093820E+01 -0.1450210E+01 -0.1238700E+01
   219 -0.3769960E+01 -0.1659240E+01 -0.1417250E+01
   220 -0.3403070E+01 -0.1850600E+01 -0.1580700E+01
   221 -0.2999130E+01 -0.2021070E+01 -0.1726300E+01
   222 -0.2565330E+01 -0.2168120E+01 -0.1851910E+01
   223 -0.2109580E+01 -0.2290090E+01 -0.1956090E+01
   224 -0.1640110E+01 -0.2386160E+01 -0.2038150E+01
   225 -0.1165000E+01 -0.2456400E+01 -0.2098150E+01
   226 -0.6694180E+00 -0.2503180E+01 -0.2138100E+01
   227 -0.1802750E+00 -0.2524280E+01 -0.2156130E+01
   228  0.2514990E+00 -0.2522730E+01 -0.2154800E+01
   229  0.7427640E+00 -0.2497900E+01 -0.2133590E+01
   230  0.1229870E+01 -0.2448320E+01 -0.2091240E+01
   231  0.1717950E+01 -0.2372150E+01 -0.2026180E+01
   232  0.2198690E+01 -0.2268600E+01 -0.1937730E+01
   233  0.2652940E+01 -0.2141050E+01 -0.1828780E+01
   234  0.3081460E+01 -0.1989210E+01 -0.1699090E+01
   235  0.3478620E+01 -0.1814390E+01 -0.1549770E+01
   236  0.3837450E+01 -0.1619270E+01 -0.1383110E+01
   237  0.4152240E+01 -0.1407180E+01 -0.1201950E+01
   238  0.4418810E+01 -0.1181970E+01 -0.1009590E+01
   239  0.4634700E+01 -0.9477500E+00 -0.8095250E+00
   240  0.4799190E+01 -0.7086590E+00 -0.6053040E+00
   241  0.4913180E+01 -0.4686710E+00 -0.4003180E+00
   242  0.4981460E+01 -0.2173470E+00 -0.1856480E+00
   243 -0.4974740E+01 -0.2037410E+00 -0.2293640E+00
   244 -0.4901880E+01 -0.4001070E+00 -0.4504250E+00
   245 -0.4777710E+01 -0.5984270E+00 -0.6736850E+00
   246 -0.4599920E+01 -0.7954930E+00 -0.8955340E+00
   247 -0.4370160E+01 -0.9860940E+00 -0.1110100E+01
   248 -0.4093820E+01 -0.1165220E+01 -0.1311760E+01
   249 -0.3769960E+01 -0.1333180E+01 -0.1500840E+01
   250 -0.3403070E+01 -0.1486930E+01 -0.1673930E+01
   251 -0.2999130E+01 -0.1623900E+01 -0.1828120E+01
   252 -0.2565330E+01 -0.1742060E+01 -0.1961140E+01
   253 -0.2109580E+01 -0.1840060E+01 -0.2071460E+01
   254 -0.1640110E+01 -0.1917250E+01 -0.2158370E+01
   255 -0.1165000E+01 -0.1973690E+01 -0.2221900E+01
   256 -0.6694180E+00 -0.2011280E+01 -0.2264210E+01
   257 -0.1802750E+00 -0.2028230E+01 -0.2283300E+01
   258  0.2514990E+00 -0.2026980E+01 -0.2281890E+01
   259  0.7427640E+00 -0.2007030E+01 -0.2259430E+01
   260  0.1229870E+01 -0.1967190E+01 -0.2214590E+01
   261  0.1717950E+01 -0.1905990E+01 -0.2145690E+01
   262  0.2198690E+01 -0.1822790E+01 -0.2052020E+01
   263  0.2652940E+01 -0.1720300E+01 -0.1936650E+01
   264  0.3081460E+01 -0.1598300E+01 -0.1799310E+01
   265  0.3478620E+01 -0.1457840E+01 -0.1641180E+01
   266  0.3837450E+01 -0.1301060E+01 -0.1464690E+01
   267  0.4152240E+01 -0.1130650E+01 -0.1272850E+01
   268  0.4418810E+01 -0.9497010E+00 -0.1069140E+01
   269  0.4634700E+01 -0.7615050E+00 -0.8572720E+00
   270  0.4799190E+01 -0.5693980E+00 -0.6410060E+00
   271  0.4913180E+01 -0.3765720E+00 -0.4239290E+00
   272  0.4981460E+01 -0.1746360E+00 -0.1965980E+00
   273 -0.4974740E+01 -0.1524590E+00 -0.2391120E+00
   274 -0.4901880E+01 -0.2994000E+00 -0.4695680E+00
   275 -0.4777710E+01 -0.4478030E+00 -0.7023170E+00
   276 -0.4599920E+01 -0.5952670E+00 -0.9335940E+00
   277 -0.4370160E+01 -0.7378930E+00 -0.1157280E+01
   278 -0.4093820E+01 -0.8719360E+00 -0.1367510E+01
   279 -0.3769960E+01 -0.9976160E+00 -0.1564620E+01
   280 -0.3403070E+01 -0.1112670E+01 -0.1745070E+01
   281 -0.2999130E+01 -0.1215160E+01 -0.1905820E+01
   282 -0.2565330E+01 -0.1303580E+01 -0.2044490E+01
   283 -0.2109580E+01 -0.1376910E+01 -0.2159500E+01
   284 -0.1640110E+01 -0.1434680E+01 -0.2250100E+01
   285 -0.1165000E+01 -0.1476910E+01 -0.2316330E+01
   286 -0.6694180E+00 -0.1505040E+01 -0.2360440E+01
   287 -0.1802750E+00 -0.1517720E+01 -0.2380340E+01
   288  0.2514990E+00 -0.1516790E+01 -0.2378870E+01
   289  0.7427640E+00 -0.1501860E+01 -0.2355460E+01
   290  0.1229870E+01 -0.1472050E+01 -0.2308710E+01
   291  0.1717950E+01 -0.1426250E+01 -0.2236880E+01
   292  0.2198690E+01 -0.1363990E+01 -0.2139230E+01
   293  0.2652940E+01 -0.1287300E+01 -0.2018960E+01
   294  0.3081460E+01 -0.1196010E+01 -0.1875780E+01
   295  0.3478620E+01 -0.1090900E+01 -0.1710930E+01
   296  0.3837450E+01 -0.9735850E+00 -0.1526930E+01
   297  0.4152240E+01 -0.8460680E+00 -0.1326940E+01
   298  0.4418810E+01 -0.7106610E+00 -0.1114570E+01
   299  0.4634700E+01 -0.5698340E+00 -0.8937060E+00
   300  0.4799190E+01 -0.4260800E+00 -0.6682480E+00
   301  0.4913180E+01 -0.2817880E+00 -0.4419460E+00
   302  0.4981460E+01 -0.1306800E+00 -0.2049540E+00
   303 -0.4974740E+01 -0.1007690E+00 -0.2458590E+00
   304 -0.4901880E+01 -0.1978910E+00 -0.4828190E+00
   305 -0.4777710E+01 -0.2959790E+00 -0.7221360E+00
   306 -0.4599920E+01 -0.3934470E+00 -0.9599390E+00
   307 -0.4370160E+01 -0.4877170E+00 -0.1189940E+01
   308 -0.4093820E+01 -0.5763140E+00 -0.1406100E+01
   309 -0.3769960E+01 -0.6593830E+00 -0.1608780E+01
   310 -0.3403070E+01 -0.7354300E+00 -0.1794320E+01
   311 -0.2999130E+01 -0.8031730E+00 -0.1959600E+01
   312 -0.2565330E+01 -0.8616140E+00 -0.2102180E+01
   313 -0.2109580E+01 -0.9100840E+00 -0.2220440E+01
   314 -0.1640110E+01 -0.9482630E+00 -0.2313590E+01
   315 -0.1165000E+01 -0.9761760E+00 -0.2381690E+01
   316 -0.6694180E+00 -0.9947670E+00 -0.2427050E+01
   317 -0.1802750E+00 -0.1003150E+01 -0.2447510E+01
   318  0.2514990E+00 -0.1002530E+01 -0.2446000E+01
   319  0.7427640E+00 -0.9926660E+00 -0.2421930E+01
   320  0.1229870E+01 -0.9729630E+00 -0.2373860E+01
   321  0.1717950E+01 -0.9426920E+00 -0.2300000E+01
   322  0.2198690E+01 -0.9015430E+00 -0.2199600E+01
   323  0.2652940E+01 -0.8508540E+00 -0.2075930E+01
   324  0.3081460E+01 -0.7905130E+00 -0.1928710E+01
   325  0.3478620E+01 -0.7210420E+00 -0.1759210E+01
   326  0.3837450E+01 -0.6434990E+00 -0.1570020E+01
   327  0.4152240E+01 -0.5592160E+00 -0.1364390E+01
   328  0.4418810E+01 -0.4697170E+00 -0.1146030E+01
   329  0.4634700E+01 -0.3766360E+00 -0.9189250E+00
   330  0.4799190E+01 -0.2816210E+00 -0.6871060E+00
   331  0.4913180E+01 -0.1862500E+00 -0.4544170E+00
   332  0.4981460E+01 -0.8637400E-01 -0.2107370E+00
   333 -0.4974740E+01 -0.4966430E-01 -0.2497370E+00
   334 -0.4901880E+01 -0.9753080E-01 -0.4904350E+00
   335 -0.4777710E+01 -0.1458740E+00 -0.7335260E+00
   336 -0.4599920E+01 -0.1939110E+00 -0.9750810E+00
   337 -0.4370160E+01 -0.2403720E+00 -0.1208710E+01
   338 -0.4093820E+01 -0.2840370E+00 -0.1428280E+01
   339 -0.3769960E+01 -0.3249770E+00 -0.1634150E+01
   340 -0.3403070E+01 -0.3624570E+00 -0.1822620E+01
   341 -0.2999130E+01 -0.3958450E+00 -0.1990510E+01
   342 -0.2565330E+01 -0.4246470E+00 -0.2135340E+01
   343 -0.2109580E+01 -0.4485350E+00 -0.2255460E+01
   344 -0.1640110E+01 -0.4673520E+00 -0.2350090E+01
   345 -0.1165000E+01 -0.4811090E+00 -0.2419260E+01
   346 -0.6694180E+00 -0.4902710E+00 -0.2465340E+01
   347 -0.1802750E+00 -0.4944040E+00 -0.2486110E+01
   348  0.2514990E+00 -0.4940990E+00 -0.2484580E+01
   349  0.7427640E+00 -0.4892360E+00 -0.2460130E+01
   350  0.1229870E+01 -0.4795260E+00 -0.2411300E+01
   351  0.1717950E+01 -0.4646070E+00 -0.2336280E+01
   352  0.2198690E+01 -0.4443260E+00 -0.2234300E+01
   353  0.2652940E+01 -0.4193440E+00 -0.2108680E+01
   354  0.3081460E+01 -0.3896050E+00 -0.1959130E+01
   355  0.3478620E+01 -0.3553660E+00 -0.1786960E+01
   356  0.3837450E+01 -0.3171490E+00 -0.1594790E+01
   357  0.4152240E+01 -0.2756100E+00 -0.1385910E+01
   358  0.4418810E+01 -0.2315010E+00 -0.1164100E+01
   359  0.4634700E+01 -0.1856260E+00 -0.9334200E+00
   360  0.4799190E+01 -0.1387970E+00 -0.6979440E+00
   361  0.4913180E+01 -0.9179360E-01 -0.4615850E+00
   362  0.4981460E+01 -0.4256950E-01 -0.2140610E+00
   363 -0.4974740E+01  0.0000000E+00 -0.2509690E+00
   364 -0.4901880E+01  0.0000000E+00 -0.4928530E+00
   365 -0.4777710E+01  0.0000000E+00 -0.7371440E+00
   366 -0.4599920E+01  0.0000000E+00 -0.9798900E+00
   367 -0.4370160E+01  0.0000000E+00 -0.1214670E+01
   368 -0.4093820E+01  0.0000000E+00 -0.1435320E+01
   369 -0.3769960E+01  0.0000000E+00 -0.1642210E+01
   370 -0.3403070E+01  0.0000000E+00 -0.1831610E+01
   371 -0.2999130E+01  0.0000000E+00 -0.2000320E+01
   372 -0.2565330E+01  0.0000000E+00 -0.2145870E+01
   373 -0.2109580E+01  0.0000000E+00 -0.2266590E+01
   374 -0.1640110E+01  0.0000000E+00 -0.2361680E+01
   375 -0.1165000E+01  0.0000000E+00 -0.2431190E+01
   376 -0.6694180E+00  0.0000000E+00 -0.2477490E+01
   377 -0.1802750E+00  0.0000000E+00 -0.2498370E+01
   378  0.2514990E+00  0.0000000E+00 -0.2496840E+01
   379  0.7427640E+00  0.0000000E+00 -0.2472260E+01
   380  0.1229870E+01  0.0000000E+00 -0.2423190E+01
   381  0.1717950E+01  0.0000000E+00 -0.2347800E+01
   382  0.2198690E+01  0.0000000E+00 -0.2245320E+01
   383  0.2652940E+01  0.0000000E+00 -0.2119070E+01
   384  0.3081460E+01  0.0000000E+00 -0.1968790E+01
   385  0.3478620E+01  0.0000000E+00 -0.1795770E+01
   386  0.3837450E+01  0.0000000E+00 -0.1602650E+01
   387  0.4152240E+01  0.0000000E+00 -0.1392740E+01
   388  0.4418810E+01  0.0000000E+00 -0.1169840E+01
   389  0.4634700E+01  0.0000000E+00 -0.9380230E+00
   390  0.4799190E+01  0.0000000E+00 -0.7013860E+00
   391  0.4913180E+01  0.0000000E+00 -0.4638610E+00
   392  0.4981460E+01  0.0000000E+00 -0.2151170E+00
   393 -0.4974740E+01  0.5061110E-01 -0.2496900E+00
   394 -0.4901880E+01  0.9939020E-01 -0.4903410E+00
   395 -0.4777710E+01  0.1486550E+00 -0.7333870E+00
   396 -0.4599920E+01  0.1976080E+00 -0.9748960E+00
   397 -0.4370160E+01  0.2449540E+00 -0.1208480E+01
   398 -0.4093820E+01  0.2894520E+00 -0.1428010E+01
   399 -0.3769960E+01  0.3311730E+00 -0.1633840E+01
   400 -0.3403070E+01  0.3693670E+00 -0.1822270E+01
   401 -0.2999130E+01  0.4033910E+00 -0.1990130E+01
   402 -0.2565330E+01  0.4327430E+00 -0.2134940E+01
   403 -0.2109580E+01  0.4570870E+00 -0.2255040E+01
   404 -0.1640110E+01  0.4762630E+00 -0.2349640E+01
   405 -0.1165000E+01  0.4902810E+00 -0.2418800E+01
   406 -0.6694180E+00  0.4996190E+00 -0.2464870E+01
   407 -0.1802750E+00  0.5038300E+00 -0.2485640E+01
   408  0.2514990E+00  0.5035190E+00 -0.2484110E+01
   409  0.7427640E+00  0.4985640E+00 -0.2459660E+01
   410  0.1229870E+01  0.4886680E+00 -0.2410840E+01
   411  0.1717950E+01  0.4734640E+00 -0.2335830E+01
   412  0.2198690E+01  0.4527970E+00 -0.2233870E+01
   413  0.2652940E+01  0.4273390E+00 -0.2108270E+01
   414  0.3081460E+01  0.3970330E+00 -0.1958760E+01
   415  0.3478620E+01  0.3621410E+00 -0.1786620E+01
   416  0.3837450E+01  0.3231960E+00 -0.1594480E+01
   417  0.4152240E+01  0.2808650E+00 -0.1385640E+01
   418  0.4418810E+01  0.2359140E+00 -0.1163880E+01
   419  0.4634700E+01  0.1891650E+00 -0.9332420E+00
   420  0.4799190E+01  0.1414440E+00 -0.6978110E+00
   421  0.4913180E+01  0.9354370E-01 -0.4614970E+00
   422  0.4981460E+01  0.4338110E-01 -0.2140200E+00
   423 -0.4974740E+01  0.1006670E+00 -0.2458700E+00
   424 -0.4901880E+01  0.1976890E+00 -0.4828390E+00
   425 -0.4777710E+01  0.2956770E+00 -0.7221670E+00
   426 -0.4599920E+01  0.3930460E+00 -0.9599810E+00
   427 -0.4370160E+01  0.4872200E+00 -0.1189990E+01
   428 -0.4093820E+01  0.5757260E+00 -0.1406160E+01
   429 -0.3769960E+01  0.6587100E+00 -0.1608840E+01
   430 -0.3403070E+01  0.7346800E+00 -0.1794390E+01
   431 -0.2999130E+01  0.8023540E+00 -0.1959680E+01
   432 -0.2565330E+01  0.8607350E+00 -0.2102270E+01
   433 -0.2109580E+01  0.9091550E+00 -0.2220540E+01
   434 -0.1640110E+01  0.9472960E+00 -0.2313690E+01
   435 -0.1165000E+01  0.9751800E+00 -0.2381800E+01
   436 -0.6694180E+00  0.9937520E+00 -0.2427160E+01
   437 -0.1802750E+00  0.1002130E+01 -0.2447610E+01
   438  0.2514990E+00  0.1001510E+01 -0.2446110E+01
   439  0.7427640E+00  0.9916540E+00 -0.2422030E+01
   440  0.1229870E+01  0.9719710E+00 -0.2373960E+01
   441  0.1717950E+01  0.9417310E+00 -0.2300100E+01
   442  0.2198690E+01  0.9006230E+00 -0.2199700E+01
   443  0.2652940E+01  0.8499860E+00 -0.2076020E+01
   444  0.3081460E+01  0.7897070E+00 -0.1928790E+01
   445  0.3478620E+01  0.7203070E+00 -0.1759290E+01
   446  0.3837450E+01  0.6428430E+00 -0.1570090E+01
   447  0.4152240E+01  0.5586460E+00 -0.1364440E+01
   448  0.4418810E+01  0.4692380E+00 -0.1146070E+01
   449  0.4634700E+01  0.3762520E+00 -0.9189650E+00
   450  0.4799190E+01  0.2813340E+00 -0.6871350E+00
   451  0.4913180E+01  0.1860600E+00 -0.4544370E+00
   452  0.4981460E+01  0.8628600E-01 -0.2107460E+00
   453 -0.4974740E+01  0.1512070E+00 -0.2393110E+00
   454 -0.4901880E+01  0.2969400E+00 -0.4699580E+00
   455 -0.4777710E+01  0.4441230E+00 -0.7029010E+00
   456 -0.4599920E+01  0.5903760E+00 -0.9343700E+00
   457 -0.4370160E+01  0.7318300E+00 -0.1158250E+01
   458 -0.4093820E+01  0.8647720E+00 -0.1368650E+01
   459 -0.3769960E+01  0.9894190E+00 -0.1565920E+01
   460 -0.3403070E+01  0.1103530E+01 -0.1746520E+01
   461 -0.2999130E+01  0.1205180E+01 -0.1907400E+01
   462 -0.2565330E+01  0.1292870E+01 -0.2046190E+01
   463 -0.2109580E+01  0.1365600E+01 -0.2161300E+01
   464 -0.1640110E+01  0.1422890E+01 -0.2251970E+01
   465 -0.1165000E+01  0.1464770E+01 -0.2318250E+01
   466 -0.6694180E+00  0.1492670E+01 -0.2362400E+01
   467 -0.1802750E+00  0.1505250E+01 -0.2382320E+01
   468  0.2514990E+00  0.1504320E+01 -0.2380850E+01
   469  0.7427640E+00  0.1489520E+01 -0.2357420E+01
   470  0.1229870E+01  0.1459950E+01 -0.2310630E+01
   471  0.1717950E+01  0.1414530E+01 -0.2238740E+01
   472  0.2198690E+01  0.1352790E+01 -0.2141010E+01
   473  0.2652940E+01  0.1276730E+01 -0.2020640E+01
   474  0.3081460E+01  0.1186180E+01 -0.1877340E+01
   475  0.3478620E+01  0.1081940E+01 -0.1712350E+01
   476  0.3837450E+01  0.9655860E+00 -0.1528200E+01
   477  0.4152240E+01  0.8391160E+00 -0.1328040E+01
   478  0.4418810E+01  0.7048210E+00 -0.1115500E+01
   479  0.4634700E+01  0.5651520E+00 -0.8944490E+00
   480  0.4799190E+01  0.4225790E+00 -0.6688040E+00
   481  0.4913180E+01  0.2794730E+00 -0.4423130E+00
   482  0.4981460E+01  0.1296060E+00 -0.2051240E+00
   483 -0.4974740E+01  0.2013590E+00 -0.2298890E+00
   484 -0.4901880E+01  0.3954290E+00 -0.4514570E+00
   485 -0.4777710E+01  0.5914300E+00 -0.6752280E+00
   486 -0.4599920E+01  0.7861920E+00 -0.8975850E+00
   487 -0.4370160E+01  0.9745640E+00 -0.1112650E+01
   488 -0.4093820E+01  0.1151600E+01 -0.1314770E+01
   489 -0.3769960E+01  0.1317590E+01 -0.1504270E+01
   490 -0.3403070E+01  0.1469550E+01 -0.1677760E+01
   491 -0.2999130E+01  0.1604910E+01 -0.1832310E+01
   492 -0.2565330E+01  0.1721690E+01 -0.1965630E+01
   493 -0.2109580E+01  0.1818540E+01 -0.2076210E+01
   494 -0.1640110E+01  0.1894840E+01 -0.2163310E+01
   495 -0.1165000E+01  0.1950610E+01 -0.2226990E+01
   496 -0.6694180E+00  0.1987760E+01 -0.2269400E+01
   497 -0.1802750E+00  0.2004510E+01 -0.2288530E+01
   498  0.2514990E+00  0.2003280E+01 -0.2287120E+01
   499  0.7427640E+00  0.1983560E+01 -0.2264610E+01
   500  0.1229870E+01  0.1944190E+01 -0.2219660E+01
   501  0.1717950E+01  0.1883700E+01 -0.2150600E+01
   502  0.2198690E+01  0.1801480E+01 -0.2056720E+01
   503  0.2652940E+01  0.1700190E+01 -0.1941090E+01
   504  0.3081460E+01  0.1579620E+01 -0.1803430E+01
   505  0.3478620E+01  0.1440800E+01 -0.1644940E+01
   506  0.3837450E+01  0.1285850E+01 -0.1468040E+01
   507  0.4152240E+01  0.1117430E+01 -0.1275760E+01
   508  0.4418810E+01  0.9385970E+00 -0.1071580E+01
   509  0.4634700E+01  0.7526010E+00 -0.8592350E+00
   510  0.4799190E+01  0.5627410E+00 -0.6424740E+00
   511  0.4913180E+01  0.3721680E+00 -0.4249000E+00
   512  0.4981460E+01  0.1725940E+00 -0.1970480E+00
   513 -0.4974740E+01  0.2504640E+00 -0.2174910E+00
   514 -0.4901880E+01  0.4918610E+00 -0.4271090E+00
   515 -0.4777710E+01  0.7356600E+00 -0.6388130E+00
   516 -0.4599920E+01  0.9779180E+00 -0.8491780E+00
   517 -0.4370160E+01  0.1212230E+01 -0.1052640E+01
   518 -0.4093820E+01  0.1432440E+01 -0.1243860E+01
   519 -0.3769960E+01  0.1638900E+01 -0.1423150E+01
   520 -0.3403070E+01  0.1827920E+01 -0.1587280E+01
   521 -0.2999130E+01  0.1996300E+01 -0.1733490E+01
   522 -0.2565330E+01  0.2141550E+01 -0.1859630E+01
   523 -0.2109580E+01  0.2262030E+01 -0.1964240E+01
   524 -0.1640110E+01  0.2356920E+01 -0.2046640E+01
   525 -0.1165000E+01  0.2426300E+01 -0.2106880E+01
   526 -0.6694180E+00  0.2472510E+01 -0.2147010E+01
   527 -0.1802750E+00  0.2493350E+01 -0.2165110E+01
   528  0.2514990E+00  0.2491810E+01 -0.2163770E+01
   529  0.7427640E+00  0.2467290E+01 -0.2142480E+01
   530  0.1229870E+01  0.2418310E+01 -0.2099950E+01
   531  0.1717950E+01  0.2343080E+01 -0.2034620E+01
   532  0.2198690E+01  0.2240800E+01 -0.1945800E+01
   533  0.2652940E+01  0.2114810E+01 -0.1836400E+01
   534  0.3081460E+01  0.1964830E+01 -0.1706170E+01
   535  0.3478620E+01  0.1792160E+01 -0.1556230E+01
   536  0.3837450E+01  0.1599430E+01 -0.1388870E+01
   537  0.4152240E+01  0.1389940E+01 -0.1206960E+01
   538  0.4418810E+01  0.1167490E+01 -0.1013790E+01
   539  0.4634700E+01  0.9361350E+00 -0.8128960E+00
   540  0.4799190E+01  0.6999740E+00 -0.6078250E+00
   541  0.4913180E+01  0.4629280E+00 -0.4019850E+00
   542  0.4981460E+01  0.2146840E+00 -0.1864220E+00
   543 -0.4974740E+01  0.2988210E+00 -0.2016480E+00
   544 -0.4901880E+01  0.5868250E+00 -0.3959960E+00
   545 -0.4777710E+01  0.8776950E+00 -0.5922780E+00
   546 -0.4599920E+01  0.1166730E+01 -0.7873200E+00
   547 -0.4370160E+01  0.1446270E+01 -0.9759620E+00
   548 -0.4093820E+01  0.1709000E+01 -0.1153250E+01
   549 -0.3769960E+01  0.1955330E+01 -0.1319480E+01
   550 -0.3403070E+01  0.2180840E+01 -0.1471660E+01
   551 -0.2999130E+01  0.2381730E+01 -0.1607220E+01
   552 -0.2565330E+01  0.2555030E+01 -0.1724160E+01
   553 -0.2109580E+01  0.2698760E+01 -0.1821150E+01
   554 -0.1640110E+01  0.2811980E+01 -0.1897550E+01
   555 -0.1165000E+01  0.2894750E+01 -0.1953410E+01
   556 -0.6694180E+00  0.2949880E+01 -0.1990610E+01
   557 -0.1802750E+00  0.2974740E+01 -0.2007390E+01
   558  0.2514990E+00  0.2972910E+01 -0.2006150E+01
   559  0.7427640E+00  0.2943650E+01 -0.1986410E+01
   560  0.1229870E+01  0.2885220E+01 -0.1946980E+01
   561  0.1717950E+01  0.2795450E+01 -0.1886400E+01
   562  0.2198690E+01  0.2673430E+01 -0.1804060E+01
   563  0.2652940E+01  0.2523120E+01 -0.1702630E+01
   564  0.3081460E+01  0.2344180E+01 -0.1581880E+01
   565  0.3478620E+01  0.2138170E+01 -0.1442860E+01
   566  0.3837450E+01  0.1908230E+01 -0.1287700E+01
   567  0.4152240E+01  0.1658300E+01 -0.1119040E+01
   568  0.4418810E+01  0.1392900E+01 -0.9399430E+00
   569  0.4634700E+01  0.1116880E+01 -0.7536800E+00
   570  0.4799190E+01  0.8351190E+00 -0.5635480E+00
   571  0.4913180E+01  0.5523060E+00 -0.3727020E+00
   572  0.4981460E+01  0.2561330E+00 -0.1728420E+00
   573 -0.4974740E+01  0.3458160E+00 -0.1819010E+00
   574 -0.4901880E+01  0.6791140E+00 -0.3572180E+00
   575 -0.4777710E+01  0.1015730E+01 -0.5342800E+00
   576 -0.4599920E+01  0.1350210E+01 -0.7102210E+00
   577 -0.4370160E+01  0.1673730E+01 -0.8803910E+00
   578 -0.4093820E+01  0.1977770E+01 -0.1040320E+01
   579 -0.3769960E+01  0.2262840E+01 -0.1190270E+01
   580 -0.3403070E+01  0.2523820E+01 -0.1327540E+01
   581 -0.2999130E+01  0.2756300E+01 -0.1449830E+01
   582 -0.2565330E+01  0.2956850E+01 -0.1555320E+01
   583 -0.2109580E+01  0.3123190E+01 -0.1642820E+01
   584 -0.1640110E+01  0.3254210E+01 -0.1711740E+01
   585 -0.1165000E+01  0.3350000E+01 -0.1762120E+01
   586 -0.6694180E+00  0.3413800E+01 -0.1795680E+01
   587 -0.1802750E+00  0.3442570E+01 -0.1810810E+01
   588  0.2514990E+00  0.3440450E+01 -0.1809700E+01
   589  0.7427640E+00  0.3406590E+01 -0.1791890E+01
   590  0.1229870E+01  0.3338980E+01 -0.1756320E+01
   591  0.1717950E+01  0.3235090E+01 -0.1701680E+01
   592  0.2198690E+01  0.3093880E+01 -0.1627400E+01
   593  0.2652940E+01  0.2919920E+01 -0.1535900E+01
   594  0.3081460E+01  0.2712850E+01 -0.1426980E+01
   595  0.3478620E+01  0.2474440E+01 -0.1301570E+01
   596  0.3837450E+01  0.2208330E+01 -0.1161600E+01
   597  0.4152240E+01  0.1919090E+01 -0.1009460E+01
   598  0.4418810E+01  0.1611960E+01 -0.8478990E+00
   599  0.4634700E+01  0.1292530E+01 -0.6798760E+00
   600  0.4799190E+01  0.9664570E+00 -0.5083620E+00
   601  0.4913180E+01  0.6391660E+00 -0.3362050E+00
   602  0.4981460E+01  0.2964150E+00 -0.1559160E+00
   603 -0.4974740E+01  0.3906850E+00 -0.1575650E+00
   604 -0.4901880E+01  0.7672290E+00 -0.3094250E+00
   605 -0.4777710E+01  0.1147520E+01 -0.4627970E+00
   606 -0.4599920E+01  0.1525400E+01 -0.6151990E+00
   607 -0.4370160E+01  0.1890890E+01 -0.7626020E+00
   608 -0.4093820E+01  0.2234380E+01 -0.9011330E+00
   609 -0.3769960E+01  0.2556440E+01 -0.1031020E+01
   610 -0.3403070E+01  0.2851280E+01 -0.1149930E+01
   611 -0.2999130E+01  0.3113920E+01 -0.1255850E+01
   612 -0.2565330E+01  0.3340500E+01 -0.1347230E+01
   613 -0.2109580E+01  0.3528420E+01 -0.1423020E+01
   614 -0.1640110E+01  0.3676440E+01 -0.1482720E+01
   615 -0.1165000E+01  0.3784660E+01 -0.1526360E+01
   616 -0.6694180E+00  0.3856730E+01 -0.1555430E+01
   617 -0.1802750E+00  0.3889240E+01 -0.1568540E+01
   618  0.2514990E+00  0.3886850E+01 -0.1567580E+01
   619  0.7427640E+00  0.3848590E+01 -0.1552150E+01
   620  0.1229870E+01  0.3772200E+01 -0.1521340E+01
   621  0.1717950E+01  0.3654840E+01 -0.1474010E+01
   622  0.2198690E+01  0.3495300E+01 -0.1409670E+01
   623  0.2652940E+01  0.3298780E+01 -0.1330410E+01
   624  0.3081460E+01  0.3064840E+01 -0.1236060E+01
   625  0.3478620E+01  0.2795500E+01 -0.1127430E+01
   626  0.3837450E+01  0.2494860E+01 -0.1006190E+01
   627  0.4152240E+01  0.2168090E+01 -0.8743980E+00
   628  0.4418810E+01  0.1821110E+01 -0.7344570E+00
   629  0.4634700E+01  0.1460230E+01 -0.5889140E+00
   630  0.4799190E+01  0.1091850E+01 -0.4403480E+00
   631  0.4913180E+01  0.7220970E+00 -0.2912240E+00
   632  0.4981460E+01  0.3348740E+00 -0.1350560E+00
   633 -0.4974740E+01  0.4320970E+00 -0.1277050E+00
   634 -0.4901880E+01  0.8485520E+00 -0.2507870E+00
   635 -0.4777710E+01  0.1269150E+01 -0.3750930E+00
   636 -0.4599920E+01  0.1687090E+01 -0.4986130E+00
   637 -0.4370160E+01  0.2091320E+01 -0.6180820E+00
   638 -0.4093820E+01  0.2471220E+01 -0.7303600E+00
   639 -0.3769960E+01  0.2827420E+01 -0.8356330E+00
   640 -0.3403070E+01  0.3153510E+01 -0.9320070E+00
   641 -0.2999130E+01  0.3443990E+01 -0.1017860E+01
   642 -0.2565330E+01  0.3694580E+01 -0.1091920E+01
   643 -0.2109580E+01  0.3902420E+01 -0.1153340E+01
   644 -0.1640110E+01  0.4066130E+01 -0.1201730E+01
   645 -0.1165000E+01  0.4185820E+01 -0.1237100E+01
   646 -0.6694180E+00  0.4265540E+01 -0.1260660E+01
   647 -0.1802750E+00  0.4301490E+01 -0.1271290E+01
   648  0.2514990E+00  0.4298840E+01 -0.1270510E+01
   649  0.7427640E+00  0.4256530E+01 -0.1258000E+01
   650  0.1229870E+01  0.4172040E+01 -0.1233030E+01
   651  0.1717950E+01  0.4042240E+01 -0.1194670E+01
   652  0.2198690E+01  0.3865790E+01 -0.1142520E+01
   653  0.2652940E+01  0.3648440E+01 -0.1078280E+01
   654  0.3081460E+01  0.3389700E+01 -0.1001810E+01
   655  0.3478620E+01  0.3091810E+01 -0.9137730E+00
   656  0.3837450E+01  0.2759310E+01 -0.8155040E+00
   657  0.4152240E+01  0.2397900E+01 -0.7086920E+00
   658  0.4418810E+01  0.2014140E+01 -0.5952710E+00
   659  0.4634700E+01  0.1615010E+01 -0.4773100E+00
   660  0.4799190E+01  0.1207590E+01 -0.3568980E+00
   661  0.4913180E+01  0.7986370E+00 -0.2360340E+00
   662  0.4981460E+01  0.3703700E+00 -0.1094610E+00
   663 -0.4974740E+01  0.4676190E+00 -0.9120630E-01
   664 -0.4901880E+01  0.9183100E+00 -0.1791110E+00
   665 -0.4777710E+01  0.1373490E+01 -0.2678900E+00
   666 -0.4599920E+01  0.1825780E+01 -0.3561090E+00
   667 -0.4370160E+01  0.2263240E+01 -0.4414320E+00
   668 -0.4093820E+01  0.2674370E+01 -0.5216210E+00
   669 -0.3769960E+01  0.3059850E+01 -0.5968070E+00
   670 -0.3403070E+01  0.3412750E+01 -0.6656370E+00
   671 -0.2999130E+01  0.3727110E+01 -0.7269520E+00
   672 -0.2565330E+01  0.3998300E+01 -0.7798460E+00
   673 -0.2109580E+01  0.4223230E+01 -0.8237160E+00
   674 -0.1640110E+01  0.4400400E+01 -0.8582730E+00
   675 -0.1165000E+01  0.4529930E+01 -0.8835360E+00
   676 -0.6694180E+00  0.4616200E+01 -0.9003630E+00
   677 -0.1802750E+00  0.4655100E+01 -0.9079520E+00
   678  0.2514990E+00  0.4652240E+01 -0.9073920E+00
   679  0.7427640E+00  0.4606450E+01 -0.8984620E+00
   680  0.1229870E+01  0.4515020E+01 -0.8806290E+00
   681  0.1717950E+01  0.4374550E+01 -0.8532300E+00
   682  0.2198690E+01  0.4183590E+01 -0.8159860E+00
   683  0.2652940E+01  0.3948370E+01 -0.7701070E+00
   684  0.3081460E+01  0.3668360E+01 -0.7154930E+00
   685  0.3478620E+01  0.3345980E+01 -0.6526150E+00
   686  0.3837450E+01  0.2986150E+01 -0.5824310E+00
   687  0.4152240E+01  0.2595030E+01 -0.5061460E+00
   688  0.4418810E+01  0.2179710E+01 -0.4251410E+00
   689  0.4634700E+01  0.1747770E+01 -0.3408940E+00
   690  0.4799190E+01  0.1306860E+01 -0.2548950E+00
   691  0.4913180E+01  0.8642910E+00 -0.1685750E+00
   692  0.4981460E+01  0.4008170E+00 -0.7817710E-01
   693 -0.4974740E+01  0.4929160E+00 -0.4736900E-01
   694 -0.4901880E+01  0.9679890E+00 -0.9302330E-01
   695 -0.4777710E+01  0.1447790E+01 -0.1391320E+00
   696 -0.4599920E+01  0.1924550E+01 -0.1849490E+00
   697 -0.4370160E+01  0.2385680E+01 -0.2292630E+00
   698 -0.4093820E+01  0.2819050E+01 -0.2709100E+00
   699 -0.3769960E+01  0.3225390E+01 -0.3099580E+00
   700 -0.3403070E+01  0.3597370E+01 -0.3457060E+00
   701 -0.2999130E+01  0.3928740E+01 -0.3775500E+00
   702 -0.2565330E+01  0.4214610E+01 -0.4050220E+00
   703 -0.2109580E+01  0.4451700E+01 -0.4278060E+00
   704 -0.1640110E+01  0.4638450E+01 -0.4457530E+00
   705 -0.1165000E+01  0.4774990E+01 -0.4588740E+00
   706 -0.6694180E+00  0.4865930E+01 -0.4676130E+00
   707 -0.1802750E+00  0.4906940E+01 -0.4715550E+00
   708  0.2514990E+00  0.4903920E+01 -0.4712640E+00
   709  0.7427640E+00  0.4855650E+01 -0.4666260E+00
   710  0.1229870E+01  0.4759270E+01 -0.4573640E+00
   711  0.1717950E+01  0.4611200E+01 -0.4431340E+00
   712  0.2198690E+01  0.4409920E+01 -0.4237910E+00
   713  0.2652940E+01  0.4161970E+01 -0.3999640E+00
   714  0.3081460E+01  0.3866810E+01 -0.3715990E+00
   715  0.3478620E+01  0.3526990E+01 -0.3389430E+00
   716  0.3837450E+01  0.3147690E+01 -0.3024920E+00
   717  0.4152240E+01  0.2735420E+01 -0.2628720E+00
   718  0.4418810E+01  0.2297630E+01 -0.2208020E+00
   719  0.4634700E+01  0.1842330E+01 -0.1770470E+00
   720  0.4799190E+01  0.1377560E+01 -0.1323830E+00
   721  0.4913180E+01  0.9110480E+00 -0.8755140E-01
   722  0.4981460E+01  0.4225010E+00 -0.4060210E-01
   723 -0.4974740E+01  0.5019380E+00  0.0000000E+00
   724 -0.4901880E+01  0.9857060E+00  0.0000000E+00
   725 -0.4777710E+01  0.1474290E+01  0.0000000E+00
   726 -0.4599920E+01  0.1959780E+01  0.0000000E+00
   727 -0.4370160E+01  0.2429340E+01  0.0000000E+00
   728 -0.4093820E+01  0.2870650E+01  0.0000000E+00
   729 -0.3769960E+01  0.3284420E+01  0.0000000E+00
   730 -0.3403070E+01  0.3663220E+01  0.0000000E+00
   731 -0.2999130E+01  0.4000650E+01  0.0000000E+00
   732 -0.2565330E+01  0.4291750E+01  0.0000000E+00
   733 -0.2109580E+01  0.4533170E+01  0.0000000E+00
   734 -0.1640110E+01  0.4723350E+01  0.0000000E+00
   735 -0.1165000E+01  0.4862380E+01  0.0000000E+00
   736 -0.6694180E+00  0.4954990E+01  0.0000000E+00
   737 -0.1802750E+00  0.4996750E+01  0.0000000E+00
   738  0.2514990E+00  0.4993670E+01  0.0000000E+00
   739  0.7427640E+00  0.4944520E+01  0.0000000E+00
   740  0.1229870E+01  0.4846380E+01  0.0000000E+00
   741  0.1717950E+01  0.4695600E+01  0.0000000E+00
   742  0.2198690E+01  0.4490630E+01  0.0000000E+00
   743  0.2652940E+01  0.4238150E+01  0.0000000E+00
   744  0.3081460E+01  0.3937590E+01  0.0000000E+00
   745  0.3478620E+01  0.3591550E+01  0.0000000E+00
   746  0.3837450E+01  0.3205300E+01  0.0000000E+00
   747  0.4152240E+01  0.2785480E+01  0.0000000E+00
   748  0.4418810E+01  0.2339690E+01  0.0000000E+00
   749  0.4634700E+01  0.1876050E+01  0.0000000E+00
   750  0.4799190E+01  0.1402770E+01  0.0000000E+00
   751  0.4913180E+01  0.9277230E+00  0.0000000E+00
   752  0.4981460E+01  0.4302340E+00  0.0000000E+00
     0  0.0000000E+00  0.0000000E+00  0.0000000E+00
      1      2      3      1
      4      5      2      4
      6      7      5      6
      8      9      7      8
     10     11      9     10
     12     13     11     12
     14     15     13     14
     16     17     15     16
     18     19     17     18
     20     21     19     20
     22     23     21     22
     24     25     23     24
     26     27     25     26
     28     29     27     28
     30     31     29     30
     32     33     30     32
     34     35     32     34
     36     37     34     36
     38     39     36     38
     40     41     38     40
     42     43     40     42
     44     45     42     44
     46     47     44     46
     48     49     46     48
     50     51     48     50
     52     53     50     52
     54     55     52     54
     56     57     54     56
     58     59     56     58
     60     61     58     60
     62     61     60     62
     63      1      3     63
     64      4      1     64
     65      6      4     65
     66      8      6     66
     67     10      8     67
     68     12     10     68
     69     14     12     69
     70     16     14     70
     71     18     16     71
     72     20     18     72
     73     22     20     73
     74     24     22     74
     75     26     24     75
     76     28     26     76
     77     30     28     77
     78     32     77     78
     79     34     78     79
     80     36     79     80
     81     38     80     81
     82     40     81     82
     83     42     82     83
     84     44     83     84
     85     46     84     85
     86     48     85     86
     87     50     86     87
     88     52     87     88
     89     54     88     89
     90     56     89     90
     91     58     90     91
     92     60     91     92
     62     60     92     62
     93     63      3     93
     94     64     63     94
     95     65     64     95
     96     66     65     96
     97     67     66     97
     98     68     67     98
     99     69     68     99
    100     70     69    100
    101     71     70    101
    102     72     71    102
    103     73     72    103
    104     74     73    104
    105     75     74    105
    106     76     75    106
    107     77     76    107
    108     78    107    108
    109     79    108    109
    110     80    109    110
    111     81    110    111
    112     82    111    112
    113     83    112    113
    114     84    113    114
    115     85    114    115
    116     86    115    116
    117     87    116    117
    118     88    117    118
    119     89    118    119
    120     90    119    120
    121     91    120    121
    122     92    121    122
     62     92    122     62
    123     93      3    123
    124     94     93    124
    125     95     94    125
    126     96     95    126
    127     97     96    127
    128     98     97    128
    129     99     98    129
    130    100     99    130
    131    101    100    131
    132    102    101    132
    133    103    102    133
    134    104    103    134
    135    105    104    135
    136    106    105    136
    137    107    106    137
    138    108    137    138
    139    109    138    139
    140    110    139    140
    141    111    140    141
    142    112    141    142
    143    113    142    143
    144    114    143    144
    145    115    144    145
    146    116    145    146
    147    117    146    147
    148    118    147    148
    149    119    148    149
    150    120    149    150
    151    121    150    151
    152    122    151    152
     62    122    152     62
    153    123      3    153
    154    124    123    154
    155    125    124    155
    156    126    125    156
    157    127    126    157
    158    128    127    158
    159    129    128    159
    160    130    129    160
    161    131    130    161
    162    132    131    162
    163    133    132    163
    164    134    133    164
    165    135    134    165
    166    136    135    166
    167    137    136    167
    168    138    167    168
    169    139    168    169
    170    140    169    170
    171    141    170    171
    172    142    171    172
    173    143    172    173
    174    144    173    174
    175    145    174    175
    176    146    175    176
    177    147    176    177
    178    148    177    178
    179    149    178    179
    180    150    179    180
    181    151    180    181
    182    152    181    182
     62    152    182     62
    183    153      3    183
    184    154    153    184
    185    155    154    185
    186    156    155    186
    187    157    156    187
    188    158    157    188
    189    159    158    189
    190    160    159    190
    191    161    160    191
    192    162    161    192
    193    163    162    193
    194    164    163    194
    195    165    164    195
    196    166    165    196
    197    167    166    197
    198    168    197    198
    199    169    198    199
    200    170    199    200
    201    171    200    201
    202    172    201    202
    203    173    202    203
    204    174    203    204
    205    175    204    205
    206    176    205    206
    207    177    206    207
    208    178    207    208
    209    179    208    209
    210    180    209    210
    211    181    210    211
    212    182    211    212
     62    182    212     62
    213    183      3    213
    214    184    183    214
    215    185    184    215
    216    186    185    216
    217    187    186    217
    218    188    187    218
    219    189    188    219
    220    190    189    220
    221    191    190    221
    222    192    191    222
    223    193    192    223
    224    194    193    224
    225    195    194    225
    226    196    195    226
    227    197    196    227
    228    198    227    228
    229    199    228    229
    230    200    229    230
    231    201    230    231
    232    202    231    232
    233    203    232    233
    234    204    233    234
    235    205    234    235
    236    206    235    236
    237    207    236    237
    238    208    237    238
    239    209    238    239
    240    210    239    240
    241    211    240    241
    242    212    241    242
     62    212    242     62
    243    213      3    243
    244    214    213    244
    245    215    214    245
    246    216    215    246
    247    217    216    247
    248    218    217    248
    249    219    218    249
    250    220    219    250
    251    221    220    251
    252    222    221    252
    253    223    222    253
    254    224    223    254
    255    225    224    255
    256    226    225    256
    257    227    226    257
    258    228    257    258
    259    229    258    259
    260    230    259    260
    261    231    260    261
    262    232    261    262
    263    233    262    263
    264    234    263    264
    265    235    264    265
    266    236    265    266
    267    237    266    267
    268    238    267    268
    269    239    268    269
    270    240    269    270
    271    241    270    271
    272    242    271    272
     62    242    272     62
    273    243      3    273
    274    244    243    274
    275    245    244    275
    276    246    245    276
    277    247    246    277
    278    248    247    278
    279    249    248    279
    280    250    249    280
    281    251    250    281
    282    252    251    282
    283    253    252    283
    284    254    253    284
    285    255    254    285
    286    256    255    286
    287    257    256    287
    288    258    287    288
    289    259    288    289
    290    260    289    290
    291    261    290    291
    292    262    291    292
    293    263    292    293
    294    264    293    294
    295    265    294    295
    296    266    295    296
    297    267    296    297
    298    268    297    298
    299    269    298    299
    300    270    299    300
    301    271    300    301
    302    272    301    302
     62    272    302     62
    303    273      3    303
    304    274    273    304
    305    275    274    305
    306    276    275    306
    307    277    276    307
    308    278    277    308
    309    279    278    309
    310    280    279    310
    311    281    280    311
    312    282    281    312
    313    283    282    313
    314    284    283    314
    315    285    284    315
    316    286    285    316
    317    287    286    317
    318    288    317    318
    319    289    318    319
    320    290    319    320
    321    291    320    321
    322    292    321    322
    323    293    322    323
    324    294    323    324
    325    295    324    325
    326    296    325    326
    327    297    326    327
    328    298    327    328
    329    299    328    329
    330    300    329    330
    331    301    330    331
    332    302    331    332
     62    302    332     62
    333    303      3    333
    334    304    303    334
    335    305    304    335
    336    306    305    336
    337    307    306    337
    338    308    307    338
    339    309    308    339
    340    310    309    340
    341    311    310    341
    342    312    311    342
    343    313    312    343
    344    314    313    344
    345    315    314    345
    346    316    315    346
    347    317    316    347
    348    318    347    348
    349    319    348    349
    350    320    349    350
    351    321    350    351
    352    322    351    352
    353    323    352    353
    354    324    353    354
    355    325    354    355
    356    326    355    356
    357    327    356    357
    358    328    357    358
    359    329    358    359
    360    330    359    360
    361    331    360    361
    362    332    361    362
     62    332    362     62
    363    333      3    363
    364    334    333    364
    365    335    334    365
    366    336    335    366
    367    337    336    367
    368    338    337    368
    369    339    338    369
    370    340    339    370
    371    341    340    371
    372    342    341    372
    373    343    342    373
    374    344    343    374
    375    345    344    375
    376    346    345    376
    377    347    346    377
    378    348    377    378
    379    349    378    379
    380    350    379    380
    381    351    380    381
    382    352    381    382
    383    353    382    383
    384    354    383    384
    385    355    384    385
    386    356    385    386
    387    357    386    387
    388    358    387    388
    389    359    388    389
    390    360    389    390
    391    361    390    391
    392    362    391    392
     62    362    392     62
    393    363      3    393
    394    364    393    394
    395    365    394    395
    396    366    395    396
    397    367    396    397
    398    368    397    398
    399    369    398    399
    400    370    399    400
    401    371    400    401
    402    372    401    402
    403    373    402    403
    404    374    403    404
    405    375    404    405
    406    376    405    406
    407    377    406    407
    408    378    377    408
    409    379    378    409
    410    380    379    410
    411    381    380    411
    412    382    381    412
    413    383    382    413
    414    384    383    414
    415    385    384    415
    416    386    385    416
    417    387    386    417
    418    388    387    418
    419    389    388    419
    420    390    389    420
    421    391    390    421
    422    392    391    422
     62    392    422     62
    423    393      3    423
    424    394    423    424
    425    395    424    425
    426    396    425    426
    427    397    426    427
    428    398    427    428
    429    399    428    429
    430    400    429    430
    431    401    430    431
    432    402    431    432
    433    403    432    433
    434    404    433    434
    435    405    434    435
    436    406    435    436
    437    407    436    437
    438    408    407    438
    439    409    408    439
    440    410    409    440
    441    411    410    441
    442    412    411    442
    443    413    412    443
    444    414    413    444
    445    415    414    445
    446    416    415    446
    447    417    416    447
    448    418    417    448
    449    419    418    449
    450    420    419    450
    451    421    420    451
    452    422    421    452
     62    422    452     62
    453    423      3    453
    454    424    453    454
    455    425    454    455
    456    426    455    456
    457    427    456    457
    458    428    457    458
    459    429    458    459
    460    430    459    460
    461    431    460    461
    462    432    461    462
    463    433    462    463
    464    434    463    464
    465    435    464    465
    466    436    465    466
    467    437    466    467
    468    438    437    468
    469    439    438    469
    470    440    439    470
    471    441    440    471
    472    442    441    472
    473    443    442    473
    474    444    443    474
    475    445    444    475
    476    446    445    476
    477    447    446    477
    478    448    447    478
    479    449    448    479
    480    450    449    480
    481    451    450    481
    482    452    451    482
     62    452    482     62
    483    453      3    483
    484    454    483    484
    485    455    484    485
    486    456    485    486
    487    457    486    487
    488    458    487    488
    489    459    488    489
    490    460    489    490
    491    461    490    491
    492    462    491    492
    493    463    492    493
    494    464    493    494
    495    465    494    495
    496    466    495    496
    497    467    496    497
    498    468    467    498
    499    469    468    499
    500    470    469    500
    501    471    470    501
    502    472    471    502
    503    473    472    503
    504    474    473    504
    505    475    474    505
    506    476    475    506
    507    477    476    507
    508    478    477    508
    509    479    478    509
    510    480    479    510
    511    481    480    511
    512    482    481    512
     62    482    512     62
    513    483      3    513
    514    484    513    514
    515    485    514    515
    516    486    515    516
    517    487    516    517
    518    488    517    518
    519    489    518    519
    520    490    519    520
    521    491    520    521
    522    492    521    522
    523    493    522    523
    524    494    523    524
    525    495    524    525
    526    496    525    526
    527    497    526    527
    528    498    497    528
    529    499    498    529
    530    500    499    530
    531    501    500    531
    532    502    501    532
    533    503    502    533
    534    504    503    534
    535    505    504    535
    536    506    505    536
    537    507    506    537
    538    508    507    538
    539    509    508    539
    540    510    509    540
    541    511    510    541
    542    512    511    542
     62    512    542     62
    543    513      3    543
    544    514    543    544
    545    515    544    545
    546    516    545    546
    547    517    546    547
    548    518    547    548
    549    519    548    549
    550    520    549    550
    551    521    550    551
    552    522    551    552
    553    523    552    553
    554    524    553    554
    555    525    554    555
    556    526    555    556
    557    527    556    557
    558    528    527    558
    559    529    528    559
    560    530    529    560
    561    531    530    561
    562    532    531    562
    563    533    532    563
    564    534    533    564
    565    535    534    565
    566    536    535    566
    567    537    536    567
    568    538    537    568
    569    539    538    569
    570    540    539    570
    571    541    540    571
    572    542    541    572
     62    542    572     62
    573    543      3    573
    574    544    573    574
    575    545    574    575
    576    546    575    576
    577    547    576    577
    578    548    577    578
    579    549    578    579
    580    550    579    580
    581    551    580    581
    582    552    581    582
    583    553    582    583
    584    554    583    584
    585    555    584    585
    586    556    585    586
    587    557    586    587
    588    558    557    588
    589    559    558    589
    590    560    559    590
    591    561    560    591
    592    562    561    592
    593    563    562    593
    594    564    563    594
    595    565    564    595
    596    566    565    596
    597    567    566    597
    598    568    567    598
    599    569    568    599
    600    570    569    600
    601    571    570    601
    602    572    571    602
     62    572    602     62
    603    573      3    603
    604    574    603    604
    605    575    604    605
    606    576    605    606
    607    577    606    607
    608    578    607    608
    609    579    608    609
    610    580    609    610
    611    581    610    611
    612    582    611    612
    613    583    612    613
    614    584    613    614
    615    585    614    615
    616    586    615    616
    617    587    616    617
    618    588    587    618
    619    589    588    619
    620    590    589    620
    621    591    590    621
    622    592    591    622
    623    593    592    623
    624    594    593    624
    625    595    594    625
    626    596    595    626
    627    597    596    627
    628    598    597    628
    629    599    598    629
    630    600    599    630
    631    601    600    631
    632    602    601    632
     62    602    632     62
    633    603      3    633
    634    604    633    634
    635    605    634    635
    636    606    635    636
    637    607    636    637
    638    608    637    638
    639    609    638    639
    640    610    639    640
    641    611    640    641
    642    612    641    642
    643    613    642    643
    644    614    643    644
    645    615    644    645
    646    616    645    646
    647    617    646    647
    648    618    617    648
    649    619    618    649
    650    620    619    650
    651    621    620    651
    652    622    621    652
    653    623    622    653
    654    624    623    654
    655    625    624    655
    656    626    625    656
    657    627    626    657
    658    628    627    658
    659    629    628    659
    660    630    629    660
    661    631    630    661
    662    632    631    662
     62    632    662     62
    663    633      3    663
    664    634    663    664
    665    635    664    665
    666    636    665    666
    667    637    666    667
    668    638    667    668
    669    639    668    669
    670    640    669    670
    671    641    670    671
    672    642    671    672
    673    643    672    673
    674    644    673    674
    675    645    674    675
    676    646    675    676
    677    647    676    677
    678    648    647    678
    679    649    648    679
    680    650    649    680
    681    651    650    681
    682    652    651    682
    683    653    652    683
    684    654    653    684
    685    655    654    685
    686    656    655    686
    687    657    656    687
    688    658    657    688
    689    659    658    689
    690    660    659    690
    691    661    660    691
    692    662    661    692
     62    662    692     62
    693    663      3    693
    694    664    693    694
    695    665    694    695
    696    666    695    696
    697    667    696    697
    698    668    697    698
    699    669    698    699
    700    670    699    700
    701    671    700    701
    702    672    701    702
    703    673    702    703
    704    674    703    704
    705    675    704    705
    706    676    705    706
    707    677    706    707
    708    678    677    708
    709    679    678    709
    710    680    679    710
    711    681    680    711
    712    682    681    712
    713    683    682    713
    714    684    683    714
    715    685    684    715
    716    686    685    716
    717    687    686    717
    718    688    687    718
    719    689    688    719
    720    690    689    720
    721    691    690    721
    722    692    691    722
     62    692    722     62
    723    693      3    723
    724    694    723    724
    725    695    724    725
    726    696    725    726
    727    697    726    727
    728    698    727    728
    729    699    728    729
    730    700    729    730
    731    701    730    731
    732    702    731    732
    733    703    732    733
    734    704    733    734
    735    705    734    735
    736    706    735    736
    737    707    736    737
    738    708    707    738
    739    709    708    739
    740    710    709    740
    741    711    710    741
    742    712    711    742
    743    713    712    743
    744    714    713    744
    745    715    714    745
    746    716    715    746
    747    717    716    747
    748    718    717    748
    749    719    718    749
    750    720    719    750
    751    721    720    751
    752    722    721    752
     62    722    752     62
      4      2      1      4
      6      5      4      6
      8      7      6      8
     10      9      8     10
     12     11     10     12
     14     13     12     14
     16     15     14     16
     18     17     16     18
     20     19     18     20
     22     21     20     22
     24     23     22     24
     26     25     24     26
     28     27     26     28
     30     29     28     30
     33     31     30     33
     35     33     32     35
     37     35     34     37
     39     37     36     39
     41     39     38     41
     43     41     40     43
     45     43     42     45
     47     45     44     47
     49     47     46     49
     51     49     48     51
     53     51     50     53
     55     53     52     55
     57     55     54     57
     59     57     56     59
     61     59     58     61
     64      1     63     64
     65      4     64     65
     66      6     65     66
     67      8     66     67
     68     10     67     68
     69     12     68     69
     70     14     69     70
     71     16     70     71
     72     18     71     72
     73     20     72     73
     74     22     73     74
     75     24     74     75
     76     26     75     76
     77     28     76     77
     32     30     77     32
     34     32     78     34
     36     34     79     36
     38     36     80     38
     40     38     81     40
     42     40     82     42
     44     42     83     44
     46     44     84     46
     48     46     85     48
     50     48     86     50
     52     50     87     52
     54     52     88     54
     56     54     89     56
     58     56     90     58
     60     58     91     60
     94     63     93     94
     95     64     94     95
     96     65     95     96
     97     66     96     97
     98     67     97     98
     99     68     98     99
    100     69     99    100
    101     70    100    101
    102     71    101    102
    103     72    102    103
    104     73    103    104
    105     74    104    105
    106     75    105    106
    107     76    106    107
     78     77    107     78
     79     78    108     79
     80     79    109     80
     81     80    110     81
     82     81    111     82
     83     82    112     83
     84     83    113     84
     85     84    114     85
     86     85    115     86
     87     86    116     87
     88     87    117     88
     89     88    118     89
     90     89    119     90
     91     90    120     91
     92     91    121     92
    124     93    123    124
    125     94    124    125
    126     95    125    126
    127     96    126    127
    128     97    127    128
    129     98    128    129
    130     99    129    130
    131    100    130    131
    132    101    131    132
    133    102    132    133
    134    103    133    134
    135    104    134    135
    136    105    135    136
    137    106    136    137
    108    107    137    108
    109    108    138    109
    110    109    139    110
    111    110    140    111
    112    111    141    112
    113    112    142    113
    114    113    143    114
    115    114    144    115
    116    115    145    116
    117    116    146    117
    118    117    147    118
    119    118    148    119
    120    119    149    120
    121    120    150    121
    122    121    151    122
    154    123    153    154
    155    124    154    155
    156    125    155    156
    157    126    156    157
    158    127    157    158
    159    128    158    159
    160    129    159    160
    161    130    160    161
    162    131    161    162
    163    132    162    163
    164    133    163    164
    165    134    164    165
    166    135    165    166
    167    136    166    167
    138    137    167    138
    139    138    168    139
    140    139    169    140
    141    140    170    141
    142    141    171    142
    143    142    172    143
    144    143    173    144
    145    144    174    145
    146    145    175    146
    147    146    176    147
    148    147    177    148
    149    148    178    149
    150    149    179    150
    151    150    180    151
    152    151    181    152
    184    153    183    184
    185    154    184    185
    186    155    185    186
    187    156    186    187
    188    157    187    188
    189    158    188    189
    190    159    189    190
    191    160    190    191
    192    161    191    192
    193    162    192    193
    194    163    193    194
    195    164    194    195
    196    165    195    196
    197    166    196    197
    168    167    197    168
    169    168    198    169
    170    169    199    170
    171    170    200    171
    172    171    201    172
    173    172    202    173
    174    173    203    174
    175    174    204    175
    176    175    205    176
    177    176    206    177
    178    177    207    178
    179    178    208    179
    180    179    209    180
    181    180    210    181
    182    181    211    182
    214    183    213    214
    215    184    214    215
    216    185    215    216
    217    186    216    217
    218    187    217    218
    219    188    218    219
    220    189    219    220
    221    190    220    221
    222    191    221    222
    223    192    222    223
    224    193    223    224
    225    194    224    225
    226    195    225    226
    227    196    226    227
    198    197    227    198
    199    198    228    199
    200    199    229    200
    201    200    230    201
    202    201    231    202
    203    202    232    203
    204    203    233    204
    205    204    234    205
    206    205    235    206
    207    206    236    207
    208    207    237    208
    209    208    238    209
    210    209    239    210
    211    210    240    211
    212    211    241    212
    244    213    243    244
    245    214    244    245
    246    215    245    246
    247    216    246    247
    248    217    247    248
    249    218    248    249
    250    219    249    250
    251    220    250    251
    252    221    251    252
    253    222    252    253
    254    223    253    254
    255    224    254    255
    256    225    255    256
    257    226    256    257
    228    227    257    228
    229    228    258    229
    230    229    259    230
    231    230    260    231
    232    231    261    232
    233    232    262    233
    234    233    263    234
    235    234    264    235
    236    235    265    236
    237    236    266    237
    238    237    267    238
    239    238    268    239
    240    239    269    240
    241    240    270    241
    242    241    271    242
    274    243    273    274
    275    244    274    275
    276    245    275    276
    277    246    276    277
    278    247    277    278
    279    248    278    279
    280    249    279    280
    281    250    280    281
    282    251    281    282
    283    252    282    283
    284    253    283    284
    285    254    284    285
    286    255    285    286
    287    256    286    287
    258    257    287    258
    259    258    288    259
    260    259    289    260
    261    260    290    261
    262    261    291    262
    263    262    292    263
    264    263    293    264
    265    264    294    265
    266    265    295    266
    267    266    296    267
    268    267    297    268
    269    268    298    269
    270    269    299    270
    271    270    300    271
    272    271    301    272
    304    273    303    304
    305    274    304    305
    306    275    305    306
    307    276    306    307
    308    277    307    308
    309    278    308    309
    310    279    309    310
    311    280    310    311
    312    281    311    312
    313    282    312    313
    314    283    313    314
    315    284    314    315
    316    285    315    316
    317    286    316    317
    288    287    317    288
    289    288    318    289
    290    289    319    290
    291    290    320    291
    292    291    321    292
    293    292    322    293
    294    293    323    294
    295    294    324    295
    296    295    325    296
    297    296    326    297
    298    297    327    298
    299    298    328    299
    300    299    329    300
    301    300    330    301
    302    301    331    302
    334    303    333    334
    335    304    334    335
    336    305    335    336
    337    306    336    337
    338    307    337    338
    339    308    338    339
    340    309    339    340
    341    310    340    341
    342    311    341    342
    343    312    342    343
    344    313    343    344
    345    314    344    345
    346    315    345    346
    347    316    346    347
    318    317    347    318
    319    318    348    319
    320    319    349    320
    321    320    350    321
    322    321    351    322
    323    322    352    323
    324    323    353    324
    325    324    354    325
    326    325    355    326
    327    326    356    327
    328    327    357    328
    329    328    358    329
    330    329    359    330
    331    330    360    331
    332    331    361    332
    364    333    363    364
    365    334    364    365
    366    335    365    366
    367    336    366    367
    368    337    367    368
    369    338    368    369
    370    339    369    370
    371    340    370    371
    372    341    371    372
    373    342    372    373
    374    343    373    374
    375    344    374    375
    376    345    375    376
    377    346    376    377
    348    347    377    348
    349    348    378    349
    350    349    379    350
    351    350    380    351
    352    351    381    352
    353    352    382    353
    354    353    383    354
    355    354    384    355
    356    355    385    356
    357    356    386    357
    358    357    387    358
    359    358    388    359
    360    359    389    360
    361    360    390    361
    362    361    391    362
    364    363    393    364
    365    364    394    365
    366    365    395    366
    367    366    396    367
    368    367    397    368
    369    368    398    369
    370    369    399    370
    371    370    400    371
    372    371    401    372
    373    372    402    373
    374    373    403    374
    375    374    404    375
    376    375    405    376
    377    376    406    377
    408    377    407    408
    409    378    408    409
    410    379    409    410
    411    380    410    411
    412    381    411    412
    413    382    412    413
    414    383    413    414
    415    384    414    415
    416    385    415    416
    417    386    416    417
    418    387    417    418
    419    388    418    419
    420    389    419    420
    421    390    420    421
    422    391    421    422
    394    393    423    394
    395    394    424    395
    396    395    425    396
    397    396    426    397
    398    397    427    398
    399    398    428    399
    400    399    429    400
    401    400    430    401
    402    401    431    402
    403    402    432    403
    404    403    433    404
    405    404    434    405
    406    405    435    406
    407    406    436    407
    438    407    437    438
    439    408    438    439
    440    409    439    440
    441    410    440    441
    442    411    441    442
    443    412    442    443
    444    413    443    444
    445    414    444    445
    446    415    445    446
    447    416    446    447
    448    417    447    448
    449    418    448    449
    450    419    449    450
    451    420    450    451
    452    421    451    452
    424    423    453    424
    425    424    454    425
    426    425    455    426
    427    426    456    427
    428    427    457    428
    429    428    458    429
    430    429    459    430
    431    430    460    431
    432    431    461    432
    433    432    462    433
    434    433    463    434
    435    434    464    435
    436    435    465    436
    437    436    466    437
    468    437    467    468
    469    438    468    469
    470    439    469    470
    471    440    470    471
    472    441    471    472
    473    442    472    473
    474    443    473    474
    475    444    474    475
    476    445    475    476
    477    446    476    477
    478    447    477    478
    479    448    478    479
    480    449    479    480
    481    450    480    481
    482    451    481    482
    454    453    483    454
    455    454    484    455
    456    455    485    456
    457    456    486    457
    458    457    487    458
    459    458    488    459
    460    459    489    460
    461    460    490    461
    462    461    491    462
    463    462    492    463
    464    463    493    464
    465    464    494    465
    466    465    495    466
    467    466    496    467
    498    467    497    498
    499    468    498    499
    500    469    499    500
    501    470    500    501
    502    471    501    502
    503    472    502    503
    504    473    503    504
    505    474    504    505
    506    475    505    506
    507    476    506    507
    508    477    507    508
    509    478    508    509
    510    479    509    510
    511    480    510    511
    512    481    511    512
    484    483    513    484
    485    484    514    485
    486    485    515    486
    487    486    516    487
    488    487    517    488
    489    488    518    489
    490    489    519    490
    491    490    520    491
    492    491    521    492
    493    492    522    493
    494    493    523    494
    495    494    524    495
    496    495    525    496
    497    496    526    497
    528    497    527    528
    529    498    528    529
    530    499    529    530
    531    500    530    531
    532    501    531    532
    533    502    532    533
    534    503    533    534
    535    504    534    535
    536    505    535    536
    537    506    536    537
    538    507    537    538
    539    508    538    539
    540    509    539    540
    541    510    540    541
    542    511    541    542
    514    513    543    514
    515    514    544    515
    516    515    545    516
    517    516    546    517
    518    517    547    518
    519    518    548    519
    520    519    549    520
    521    520    550    521
    522    521    551    522
    523    522    552    523
    524    523    553    524
    525    524    554    525
    526    525    555    526
    527    526    556    527
    558    527    557    558
    559    528    558    559
    560    529    559    560
    561    530    560    561
    562    531    561    562
    563    532    562    563
    564    533    563    564
    565    534    564    565
    566    535    565    566
    567    536    566    567
    568    537    567    568
    569    538    568    569
    570    539    569    570
    571    540    570    571
    572    541    571    572
    544    543    573    544
    545    544    574    545
    546    545    575    546
    547    546    576    547
    548    547    577    548
    549    548    578    549
    550    549    579    550
    551    550    580    551
    552    551    581    552
    553    552    582    553
    554    553    583    554
    555    554    584    555
    556    555    585    556
    557    556    586    557
    588    557    587    588
    589    558    588    589
    590    559    589    590
    591    560    590    591
    592    561    591    592
    593    562    592    593
    594    563    593    594
    595    564    594    595
    596    565    595    596
    597    566    596    597
    598    567    597    598
    599    568    598    599
    600    569    599    600
    601    570    600    601
    602    571    601    602
    574    573    603    574
    575    574    604    575
    576    575    605    576
    577    576    606    577
    578    577    607    578
    579    578    608    579
    580    579    609    580
    581    580    610    581
    582    581    611    582
    583    582    612    583
    584    583    613    584
    585    584    614    585
    586    585    615    586
    587    586    616    587
    618    587    617    618
    619    588    618    619
    620    589    619    620
    621    590    620    621
    622    591    621    622
    623    592    622    623
    624    593    623    624
    625    594    624    625
    626    595    625    626
    627    596    626    627
    628    597    627    628
    629    598    628    629
    630    599    629    630
    631    600    630    631
    632    601    631    632
    604    603    633    604
    605    604    634    605
    606    605    635    606
    607    606    636    607
    608    607    637    608
    609    608    638    609
    610    609    639    610
    611    610    640    611
    612    611    641    612
    613    612    642    613
    614    613    643    614
    615    614    644    615
    616    615    645    616
    617    616    646    617
    648    617    647    648
    649    618    648    649
    650    619    649    650
    651    620    650    651
    652    621    651    652
    653    622    652    653
    654    623    653    654
    655    624    654    655
    656    625    655    656
    657    626    656    657
    658    627    657    658
    659    628    658    659
    660    629    659    660
    661    630    660    661
    662    631    661    662
    634    633    663    634
    635    634    664    635
    636    635    665    636
    637    636    666    637
    638    637    667    638
    639    638    668    639
    640    639    669    640
    641    640    670    641
    642    641    671    642
    643    642    672    643
    644    643    673    644
    645    644    674    645
    646    645    675    646
    647    646    676    647
    678    647    677    678
    679    648    678    679
    680    649    679    680
    681    650    680    681
    682    651    681    682
    683    652    682    683
    684    653    683    684
    685    654    684    685
    686    655    685    686
    687    656    686    687
    688    657    687    688
    689    658    688    689
    690    659    689    690
    691    660    690    691
    692    661    691    692
    664    663    693    664
    665    664    694    665
    666    665    695    666
    667    666    696    667
    668    667    697    668
    669    668    698    669
    670    669    699    670
    671    670    700    671
    672    671    701    672
    673    672    702    673
    674    673    703    674
    675    674    704    675
    676    675    705    676
    677    676    706    677
    708    677    707    708
    709    678    708    709
    710    679    709    710
    711    680    710    711
    712    681    711    712
    713    682    712    713
    714    683    713    714
    715    684    714    715
    716    685    715    716
    717    686    716    717
    718    687    717    718
    719    688    718    719
    720    689    719    720
    721    690    720    721
    722    691    721    722
    694    693    723    694
    695    694    724    695
    696    695    725    696
    697    696    726    697
    698    697    727    698
    699    698    728    699
    700    699    729    700
    701    700    730    701
    702    701    731    702
    703    702    732    703
    704    703    733    704
    705    704    734    705
    706    705    735    706
    707    706    736    707
    738    707    737    738
    739    708    738    739
    740    709    739    740
    741    710    740    741
    742    711    741    742
    743    712    742    743
    744    713    743    744
    745    714    744    745
    746    715    745    746
    747    716    746    747
    748    717    747    748
    749    718    748    749
    750    719    749    750
    751    720    750    751
    752    721    751    752
      0      0      0      0
